sampleID	feature	label
DVT_1000	1,35,12.1,0.95,24.6,20.4,1.06,0.86,3,0,1,11.41,4.55,146,210,42,82.4,11.7,11.2,0.234,92.3,32.1,348,5.2,0.3,0.4,9.41,1.33,0.6,0.03,0.04,42,12,16.4,32.1,2	1
DVT_1005	2,45,12.1,1.01,32,19.2,2.98,0.87,3.5,2,1,6.27,3.89,131,106,37.8,63.7,26.5,14.8,0.16,97.2,33.7,347,7.8,1,1,4,1.66,0.49,0.06,0.06,44,12,23.6,60.7,6	0
DVT_1010	2,71,11.1,0.93,26.7,17.5,3.67,1.19,4.2,2,1,6.01,3.97,121,117,37.3,67.3,21.3,12.4,0.15,94,30.5,324,10.3,0.8,0.3,4.04,1.28,0.62,0.05,0.02,43,13,18.7,46.3,5	1
DVT_1011	1,52,11.2,0.93,20,16,3.48,1.7,6.2,1,1,11.64,4.29,140,120,39.5,79.7,10.1,12.1,0.15,92.1,32.6,354,9.8,0.2,0.2,9.28,1.18,1.14,0.02,0.02,40,12,12.3,39.6,14	1
DVT_1012	2,46,12.1,0.95,22.8,16.4,2.46,7.66,37.7,2,1,6.84,3.58,111,63,33.3,73.9,16.5,13.7,0.086,93,31,333,7.7,1.5,0.4,5.06,1.13,0.53,0.1,0.02,50,15,17.3,50.7,14	1
DVT_1013	1,61,11.2,0.93,29.9,17.9,2.3,0.78,2.7,0,1,10.61,5.07,165,107,49.4,78,13.8,14.2,0.15,97.4,32.5,334,7.3,0.5,0.4,8.29,1.46,0.77,0.05,0.04,45,12,22.4,55.2,3	0
DVT_1017	1,46,12.5,0.98,17.8,18.3,4.51,2.36,8.3,2,1,3.85,3.71,108,383,32.6,47.8,37.9,9.2,0.351,88.2,29.1,329,8.6,5,0.7,1.84,1.46,0.33,0.19,0.03,42,13,16,19.5,6	0
DVT_1018	2,64,10.6,0.88,20.8,18.8,2.38,3.39,15.7,1,1,4.7,3.07,102,118,28.6,69,24.7,12.8,0.15,93.2,33.2,357,5.7,0.4,0.2,3.24,1.16,0.27,0.02,0.01,41,12,17.7,47.5,9	0
DVT_1019	2,62,13.2,1.03,49.7,36.3,4.51,2.3,9.8,2,1,5.2,3.14,100,113,29.9,66.1,21.8,12.7,0.143,95.3,31.8,334,11,0.6,0.5,3.44,1.13,0.57,0.03,0.03,44,13,16.3,44.2,9	0
DVT_1020	1,55,11.2,0.93,24.1,17.9,2.86,0.46,1.8,2,1,15.31,5.19,155,244,46.8,64.4,27.8,10.6,0.26,90.2,29.9,331,7.3,0.3,0.2,9.88,4.25,1.11,0.04,0.03,50,15,13.1,29.7,4	0
DVT_1021	2,62,12.1,0.95,24.5,16.2,4.12,1.9,6.7,1,1,10.03,3.8,118,169,35.2,59.6,30.4,10.9,0.185,92.6,31,335,7.9,1.7,0.4,5.98,3.05,0.79,0.17,0.04,42,12,16.3,31.4,9	1
DVT_1022	1,63,12.2,0.96,20.3,15.8,5.08,1.48,5.1,3,1,5.76,2.6,80,150,22.9,86.5,6.4,10.4,0.16,88.1,30.8,249,6.3,0.5,0.3,4.98,0.37,0.36,0.03,0.02,42,14,11.1,27.1,14	0
DVT_1023	1,42,12.5,0.98,32.3,16,3.23,0.92,3.4,2,1,9.04,4.08,126,191,36.3,79.41,11.72,9.8,0.19,89,30.9,347,8.8,0.1,0,7.17,1.06,0.8,0.01,0,41,13,11.4,22.8,4	0
DVT_1024	2,46,10.5,0.88,28.9,15.9,4.74,0.92,3.5,2,1,3.28,3.21,109,159,31.8,54.3,35.7,10.8,0.17,99.1,34,343,8.2,1.5,0.3,1.78,1.17,0.27,0.05,0.01,44,12,12.4,31.5,6	0
DVT_1025	1,21,10.9,0.91,28.6,17.2,4.18,2,8.1,2,1,5.13,4.11,126,141,37.9,47.6,40.9,12,0.17,92.2,30.7,332,8,3.1,0.4,2.44,2.1,0.41,0.16,0.02,41,12,14.9,41.3,2	0
DVT_1028	1,68,11.4,0.89,28,17.6,4.43,0.37,1.6,0,1,5.31,4.65,141,272,41.9,61.3,30.7,11.5,0.312,90.1,30.2,336,6,1.4,0.6,3.25,1.63,0.32,0.08,0.03,40,12,16.2,37,10	1
DVT_1029	2,49,12.5,0.98,30.6,16.3,5.08,2.4,8.5,0,1,7.11,3.99,115,255,34.6,72.7,19.3,9.6,0.246,86.7,28.9,334,6.8,1,0.2,5.17,1.37,0.48,0.07,0.02,59,19,16.3,23.4,12	1
DVT_1031	1,74,11.1,0.93,26,17.2,4.74,2.82,14,2,1,10.02,4.52,130,213,39.3,80.5,9.1,11.1,0.24,86.9,28.8,331,10,0.2,0.2,8.07,0.91,1,0.02,0.02,40,13,13.3,34.6,7	0
DVT_1032	1,31,10.3,0.86,23.6,19.8,2.64,0.26,1.1,1,1,7.38,4.74,147,212,43.1,50.4,37.9,10.2,0.22,90.9,31,341,8.8,2.4,0.5,3.71,2.8,0.65,0.18,0.04,40,12,11.5,26,0	0
DVT_1033	2,57,10.1,0.84,23.6,18,3.07,0.66,2.4,2,1,4.42,4.6,124,274,38,28.5,58.8,10.7,0.29,82.6,27,326,9,3.2,0.5,1.26,2.6,0.4,0.14,0.02,41,14,12.3,31,8	1
DVT_1036	1,28,13.9,1.08,29.6,17.5,4.43,0.46,1.6,2,1,6.27,5.11,156,244,46.7,64.6,21.5,9.4,0.23,91.4,30.6,335,11.1,2.5,0.3,4.05,1.35,0.7,0.15,0.02,45,13,16.3,20.6,6	0
DVT_1038	2,64,11.6,0.97,27.8,18.2,4.1,2.35,11,0,1,10.27,4.19,131,163,38.8,59.5,32.4,12.9,0.21,92.6,31.3,338,7.4,0.3,0.4,6.11,3.33,0.76,0.03,0.04,42,12,17,48.6,9	1
DVT_1039	1,53,13.2,1.03,29,16,4.6,2.16,7.4,1,1,6.03,3.61,112,390,33.7,70.7,19.4,8.8,0.343,93.2,31,332,7.7,1.5,0.7,4.27,1.17,0.46,0.09,0.04,41,12,15.6,16.9,17	1
DVT_1041	2,80,12.7,1.06,36.5,18.2,3.17,1.5,6.4,0,1,4.82,2.63,92,170,26.4,80.1,12.9,9.4,0.16,100.4,35,348,6.4,0.2,0.4,3.86,0.62,0.31,0.01,0.02,43,12,9,18.7,10	0
DVT_1056	1,41,10.6,0.88,25.4,17.4,2.74,0.23,0.8,1,1,5.82,5.25,155,213,46.2,56,31.8,11.5,0.24,88,29.5,335,9.6,2.1,0.5,3.26,1.85,0.56,0.12,0.03,38,12,14.7,37.5,2	0
DVT_1057	1,82,11,0.92,24.6,16.8,3.8,15.18,74.6,2,1,17.03,5.05,153,216,45,90.1,4.5,10.3,0.22,89.1,30.3,340,4.6,0.5,0.3,15.34,0.76,0.79,0.09,0.05,43,13,11.6,27.5,10	0
DVT_1058	1,19,10.1,0.84,28.9,16.1,4.54,0.65,2.2,1,1,7.19,4.53,133,260,41.5,58.2,29.3,10.7,0.28,91.6,29.4,320,8.5,3.2,0.8,4.18,2.11,0.61,0.23,0.06,47,14,12.7,31.2,8	0
DVT_1060	1,58,13.2,1.1,27.9,18.7,2.54,2.81,12.8,0,1,9.15,4.13,135,169,40.1,73.4,18.1,11.1,0.19,97.1,32.7,337,7,1.3,0.2,6.71,1.66,0.64,0.12,0.02,41,12,12.9,33.6,6	1
DVT_1061	1,34,11.8,0.98,30,17.5,3.03,2.02,8.9,2,1,7.62,3.9,129,166,37.8,74.5,13.1,10.6,0.18,96.9,33.1,341,10.9,1.2,0.3,5.68,1,0.83,0.09,0.02,42,12,11.7,29.4,8	1
DVT_1062	2,25,11.8,0.98,31.7,16.7,3.22,1,3.6,0,1,4.42,3.55,97,268,31.1,66.4,26,10.7,0.29,87.6,27.3,312,6.6,0.5,0.5,2.94,1.15,0.29,0.02,0.02,41,13,11.4,29.2,8	0
DVT_1066	1,30,11.1,0.93,27.3,14.8,7.62,1.77,6.9,0,1,3.6,2.25,68,223,20.5,64.2,26.1,10.6,0.24,91.1,30.2,332,8.3,0.8,0.6,2.31,0.94,0.3,0.03,0.02,40,13,11.9,29.4,8	0
DVT_1069	1,25,11.1,0.93,32.1,16.4,3.17,0.38,1.3,0,1,8.73,4.85,143,202,42.5,56,27.3,12.3,0.25,87.6,29.5,336,113.5,2.6,0.6,4.89,2.38,1.18,0.23,0.05,40,12,15.4,44,4	0
DVT_107	1,60,11.6,0.97,27.8,16.6,2.21,4.54,14.2,1,1,8.75,3.18,104,139,31.1,72,18.4,11.2,0.16,97.8,32.7,334,9.1,0.3,0.2,6.29,1.61,0.8,0.03,0.02,47,13,13.3,35.2,14	1
DVT_1070	1,63,12.4,0.97,28.3,16.1,4.78,1.1,4.8,1,1,7.85,4.84,147,120,43.1,75.6,14.4,13.6,0.163,88.9,30.3,341,9.2,0.4,0.4,5.94,1.13,0.72,0.03,0.03,41,13,16.6,50,8	0
DVT_1080	2,81,13,1.08,33.3,16.1,5.51,1.02,4.4,2,1,9.33,4.66,129,182,39.2,82.8,9.4,12.4,0.23,84.1,27.7,329,4.7,2.7,0.4,7.72,0.88,0.44,0.25,0.04,38,12,16,44.2,10	0
DVT_1084	2,57,10,0.83,24.1,17.2,4.18,0.63,2.6,0,1,8.69,4.5,137,254,40.9,71.6,19,12.3,0.31,90.9,30.4,335,5.3,3.3,0.8,6.22,1.65,0.46,0.29,0.07,40,12,16.5,42.5,8	1
DVT_1085	1,56,12.1,0.95,25.7,16.9,2.93,9.61,47.6,0,1,8.42,4.72,144,158,42.1,72.9,19.3,9.6,0.152,89.2,30.4,341,4.6,2.8,0.4,6.14,1.63,0.39,0.23,0.03,42,13,15.9,22.4,10	0
DVT_1087	2,52,11,0.92,28.9,16.5,4.54,0.73,3.4,0,1,7.92,3.79,107,201,33.5,76.8,12.6,11.6,0.23,88.4,28.2,319,8.2,2,0.4,6.08,1,0.65,0.16,0.03,52,16,13,35.8,10	0
DVT_109	1,96,12.9,1.07,32.2,16.6,3.08,5.49,18.7,0,1,6.39,4.17,129,161,40.4,75.6,13.9,11.4,0.18,96.9,30.9,319,10,0.2,0.3,4.83,0.89,0.64,0.01,0.02,46,13,13.1,36.6,10	0
DVT_1090	2,59,11.7,0.92,17,17.9,2.74,0.62,2.2,2,1,5.74,4.29,136,397,40.5,59.6,35.2,8.8,0.348,94.4,31.7,336,4.4,0.6,0.2,3.42,2.02,0.25,0.04,0.01,42,12,15.9,17.3,10	0
DVT_1091	1,59,11.2,0.93,22.7,18.1,2.82,1.46,5.5,0,1,10.03,4.01,129,153,37.2,78.2,13,11.6,0.18,92.8,32.2,347,7.6,0.9,0.3,7.85,1.3,0.76,0.09,0.03,43,13,15.6,38.3,6	1
DVT_1096	1,44,11.2,0.93,28.7,17.9,2.38,11.34,52.4,0,1,7.77,3.8,135,130,37.5,79.4,11.6,12.1,0.16,98.7,35.5,360,8,0.5,0.5,6.17,0.9,0.62,0.04,0.04,43,12,15,41.2,10	0
DVT_1097	1,42,11.4,0.95,21.5,17.8,2.82,0.7,2.4,2,1,11.96,5.13,146,235,43.5,63.3,26.3,9.9,0.23,84.8,28.5,336,9.4,0.7,0.3,7.57,3.15,1.12,0.08,0.04,41,13,11.1,23.8,10	0
DVT_1099	2,71,11.1,0.93,25.1,16.8,3.94,2.13,9.4,0,1,9.17,4.34,138,396,41.5,67.5,17.2,11.1,0.44,95.6,31.8,333,9.2,5.1,1,6.19,1.58,0.84,0.47,0.09,43,13,13.1,33.2,9	1
DVT_110	2,91,11.9,0.99,27.1,15.5,3.49,7.9,25.6,0,1,7.07,2.98,84,343,26,77.7,15.7,9.9,0.34,87.2,28.2,323,5.9,0.4,0.3,5.49,1.11,0.42,0.03,0.02,43,14,10,22.5,17	1
DVT_1107	2,41,12.2,1.02,23.2,16.1,6.02,15.93,74.7,1,1,7.85,3.99,112,241,34.5,77.3,13.3,9.2,0.22,86.5,28.1,325,6.5,2.7,0.2,6.07,1.04,0.51,0.21,0.02,60,19,15.8,20.9,22	1
DVT_1108	1,50,14.2,1.11,20.5,17.8,1.94,14.13,91,1,1,9.9,3.65,117,141,35.1,89.7,5.5,10.5,0.148,96.3,32.1,333,4.7,0,0.1,8.87,0.55,0.47,0,0.01,44,12,16,27.7,15	0
DVT_1109	1,64,12.2,0.96,23.6,14.7,5.92,7.42,29.1,0,1,19.97,4.06,124,167,36.7,33.3,61.8,10.3,0.172,90.4,30.4,337,3.5,1.1,0.3,6.66,12.34,0.7,0.22,0.05,43,13,16.1,26.7,23	1
DVT_1110	1,49,11.6,0.97,25.7,15.7,5.22,2.06,8.8,0,1,7.44,4.47,131,150,39.8,78.8,12.2,12.2,0.18,89,29.3,329,7.7,1.2,0.1,5.86,0.91,0.57,0.09,0.01,43,13,15.3,41.6,10	0
DVT_1112	2,36,11.4,0.95,25.2,18.2,2.38,2.22,8.1,0,1,6.64,3.96,120,205,36.6,69.3,21.5,11.3,0.23,92.4,30.3,328,8.4,0.5,0.3,4.6,1.43,0.56,0.03,0.02,43,13,13.1,35.9,4	0
DVT_1116	1,61,12.1,1.01,30.5,16.9,4.02,2.19,8.2,0,1,5.53,3.88,126,155,37.2,62.6,24.6,11.3,0.18,95.9,32.5,339,9.9,2.4,0.5,3.46,1.36,0.55,0.13,0.03,42,12,14.2,37.2,6	0
DVT_1122	1,45,12.1,0.95,20,18.2,2.64,0.73,2.2,3,1,10.66,4.29,137,238,40.6,75.8,17.5,8.6,0.205,94.5,31.9,338,5.8,0.7,0.2,8.07,1.87,0.62,0.08,0.02,44,13,15.7,16,8	0
DVT_1130	2,34,11.6,0.97,31.1,17.1,3.67,0.74,3,1,1,5.35,3.18,101,135,29.8,69.5,23,12.6,0.17,93.7,31.8,339,6.7,0.4,0.4,3.72,1.23,0.36,0.02,0.02,43,12,15.5,45.6,4	0
DVT_1134	2,57,11.5,0.96,24.9,19.6,2.07,0.67,2.6,2,1,6.42,4.92,143,185,42.5,67.6,22,9.6,0.18,86.4,29.1,336,5.9,3.7,0.8,4.34,1.41,0.38,0.24,0.05,41,13,10.3,21.5,10	1
DVT_1135	1,87,14.5,1.21,33.5,17.8,4.26,1.21,5.4,0,1,8.28,3.8,97,215,30,68.3,19.2,10.7,0.23,78.9,25.5,323,11.1,1.2,0.2,5.65,1.59,0.92,0.1,0.02,42,15,12.5,30.4,12	0
DVT_1137	2,87,11.9,0.99,29.6,16.3,5.67,1.69,7.7,1,1,5.23,2.56,85,126,25.9,77,15.1,10.6,0.13,101.2,33.2,328,4.8,2.9,0.2,4.03,0.79,0.25,0.15,0.01,58,16,11.3,28.4,10	1
DVT_1139	2,36,13.9,1.16,35.2,17,4.1,0.49,1.8,2,1,7.15,4.32,130,225,39.2,66.5,26.3,9.7,0.22,90.7,30.1,332,5.9,1,0.3,4.76,1.88,0.42,0.07,0.02,41,12,10.7,22.1,8	0
DVT_1140	2,84,11.7,0.98,27.5,18.7,2.47,16.53,84.2,0,1,5.32,4.05,111,220,35.3,74.3,14.5,10.4,0.23,87.2,27.4,314,10.2,0.4,0.6,3.96,0.77,0.54,0.02,0.03,47,15,11.4,27.6,10	1
DVT_1141	2,79,11.6,0.97,26.4,17.6,3.32,1.32,5.6,2,1,6.81,2.83,93,178,28.1,67.2,21.9,11.1,0.2,99.3,32.9,331,10.7,0.1,0.1,4.57,1.49,0.73,0.01,0.01,46,13,12.4,33.5,10	1
DVT_1142	1,73,11.8,0.98,36.1,15.4,7.62,5.54,24,1,1,7.14,3.65,113,202,33.2,79.5,5.3,10.7,0.22,91,31,340,12.2,2.7,0.3,5.68,0.38,0.87,0.19,0.02,43,13,12.2,30.6,16	1
DVT_1143	1,86,16,1.33,44.6,21.9,2.82,4.76,21.9,2,1,10.04,3.42,91,149,28.6,78.11,13.32,10.4,0.15,83.6,26.6,318,6.3,2.1,0.2,7.84,1.34,0.63,0.21,0.02,54,18,11.5,27,10	0
DVT_1144	2,43,13,1.02,26.4,16.1,5.41,2.3,8.1,1,1,4.73,3.41,109,118,31.5,86.7,6.8,11,0.13,92.5,31.9,345,6.1,0.2,0.2,4.1,0.32,0.29,0.01,0.01,41,12,16.4,32.9,14	1
DVT_1145	1,46,12.9,1.01,26.4,17.3,3.91,5.62,21,0,1,10.8,4.47,148,516,43.1,67,18.3,8.4,0.434,96.5,33.2,344,11.6,2.9,0.2,6.76,1.84,1.17,0.29,0.02,46,13,15.7,14.9,15	1
DVT_115	2,62,13,1.08,34.4,16.5,2.8,5.3,17.2,1,1,8.54,3.49,112,126,32.9,82.9,11.1,12.3,0.15,94.3,32.1,340,6.2,0.4,0.1,7.02,0.95,0.53,0.03,0.01,44,13,16.5,44.8,12	1
DVT_1150	2,50,11.5,0.96,30.8,17.5,3.8,0.74,2.9,1,1,9.35,3.58,118,170,34,73,17.5,11.1,0.19,95,33,347,8.8,0.4,0.3,6.82,1.64,0.82,0.04,0.03,40,12,13.6,35.3,4	0
DVT_1157	2,79,13.1,1.09,31.2,16.2,4.44,1,3.8,2,1,10.59,3.9,122,193,36.5,79.8,14.3,11.6,0.22,93.6,31.3,334,5.7,0,0.2,8.46,1.51,0.6,0,0.02,44,13,15.2,37.7,10	0
DVT_1161	2,75,11.9,0.99,29.4,18.6,3.32,0.49,1.9,3,1,5.13,4.03,120,161,35.4,60.4,23.6,13.1,0.21,87.8,29.8,339,10.3,4.7,1,3.1,1.21,0.53,0.24,0.05,41,13,19.7,49.3,6	0
DVT_1163	1,38,12.2,1.02,29.4,16.4,4.35,4.08,19.7,0,1,3.5,3.05,95,191,28.6,71.6,18.9,10.4,0.2,93.8,31.1,332,8.3,0.9,0.3,2.51,0.66,0.29,0.03,0.01,46,13,11.2,27.6,11	1
DVT_1164	1,36,12.4,1.03,27.9,17.8,2.41,0.33,1.3,1,1,5.23,4.54,142,160,42.4,65.7,24.7,12.8,0.2,93.4,31.3,335,7.1,2.3,0.2,3.44,1.29,0.37,0.12,0.01,45,13,16.2,46.9,6	0
DVT_1167	2,46,10.7,0.89,25.2,17.1,3.8,0.77,2.8,0,1,5.58,3.59,104,217,30.9,75.1,15.6,10.8,0.24,86.1,29,337,7.5,1.4,0.4,4.19,0.87,0.42,0.08,0.02,40,13,12.4,30.8,4	0
DVT_1174	1,52,12.5,1.04,29.1,17.8,3.48,3.89,19.6,3,1,5.13,2.83,79,59,24.6,69.7,23.8,12.6,0.07,86.9,27.9,321,4.7,1.4,0.4,3.58,1.22,0.24,0.07,0.02,44,14,15.9,42.9,15	1
DVT_1175	2,81,13,1.02,25.6,20.1,2.38,6.65,24.4,1,1,6.21,4.1,124,138,36.7,81,12.3,9.6,0.133,89.6,30.2,337,5.9,0,0.4,5.03,0.76,0.37,0.02,0.03,45,14,16.1,22.3,10	1
DVT_1177	2,68,14.6,1.14,41.9,19.8,2.74,2.08,7.2,2,1,7.79,3.2,96,133,29.1,68.8,23.8,9.9,0.132,90.8,30,331,6.4,0.6,0.4,5.36,1.85,0.5,0.05,0.03,41,12,16.1,23.9,9	0
DVT_1178	2,67,12.8,1,28.1,17.5,5.3,1.84,7.6,1,1,8.07,3.66,109,221,32.9,71.8,19.6,11.1,0.247,89.9,29.8,331,6.7,1.6,0.3,5.79,1.58,0.54,0.13,0.3,40,12,16.5,34.5,11	1
DVT_1180	2,82,12.9,1.01,29.1,17.9,4.43,1.07,4.1,0,1,4.67,3.16,105,195,31.8,72.1,19.2,9.5,0.186,100.7,33.3,331,7,1.4,0.3,3.36,0.9,0.33,0.07,0.01,45,12,16,21.5,12	0
DVT_1183	1,35,12.5,1.04,29.4,18,2.21,4.46,20.1,0,1,14.27,3.94,130,220,37.6,89.3,6,10.1,0.22,95.4,33,346,4.6,0,0.1,12.74,0.86,0.66,0,0.01,43,12,11.3,25.1,8	1
DVT_1186	2,55,12.1,1.01,27.5,18.7,3.27,0.51,1.6,3,1,13.1,3.99,118,222,36.5,84.3,11.2,11.9,0.26,91.5,29.6,323,4,0.2,0.3,11.04,1.47,0.53,0.02,0.04,41,12,15.7,40.6,4	0
DVT_1188	1,69,11.5,0.96,26.6,19.3,2.51,1.32,4.7,1,1,4.24,3.41,91,95,28.1,77.6,14.9,12.9,0.12,82.4,26.7,3224,6.8,0.5,0.2,3.29,0.63,0.29,0.02,0.01,60,20,16.9,48.2,5	1
DVT_1189	1,59,13.2,1.1,29.8,17.4,2.67,9.41,36,1,1,8.6,2.45,83,124,24.7,78.9,10.6,12.1,0.15,100.8,33.9,336,10.3,0.1,0.1,6.78,0.91,0.89,0.01,0.01,49,13,14.6,41.5,13	1
DVT_1190	2,54,11.8,0.98,27.7,19.2,2.27,2.23,8.1,1,1,8.16,2.98,102,148,29.8,76.4,14.6,10.2,0.15,100,34.2,342,8.8,0,0.2,6.23,1.19,0.72,0,0.02,47,13,11.4,25.8,13	1
DVT_1203	2,70,11.6,0.97,27.9,16.4,5.51,3.76,17,2,1,4.67,3.71,112,300,33.3,73,19.9,9.9,0.3,89.8,30.2,336,6.9,0.2,0,3.41,0.93,0.32,0.01,0,40,12,10.7,23.6,11	0
DVT_1207	1,50,11,0.92,28.5,16,5.08,0.98,4,0,1,9.13,4.31,135,141,38.7,70.3,16.4,11.2,0.16,89.8,31.3,349,9.6,3.3,0.4,6.41,1.5,0.88,0.3,0.04,41,12,13.8,34.3,12	0
DVT_1208	1,73,11.5,0.96,23,17.5,3.8,5.8,25.7,3,1,7.18,4.39,132,86,38.9,78.4,11.7,12.8,0.11,88.6,30.1,339,7.8,1.7,0.4,5.63,0.84,0.56,0.12,0.03,43,13,19.9,49.3,11	1
DVT_1212	1,49,11.9,0.93,25.4,15.6,4.05,0.53,2.1,2,1,7.15,4.67,145,203,43.3,52.2,39.6,9.2,0.187,92.8,31,334,5.8,2,0.4,3.74,2.83,0.41,0.14,0.03,42,12,16.1,20.2,13	0
DVT_1215	2,28,11.9,0.99,30.1,17.5,2.98,0.36,1.4,0,1,4.93,3.77,101,212,32.2,68.6,23.1,12.5,0.26,85.4,26.8,314,5.5,2.2,0.6,3.38,1.14,0.27,0.11,0.03,46,15,15.3,45,4	1
DVT_1216	1,76,13.1,1.02,28.4,17.6,1.68,8.85,41,1,1,8.02,2.54,93,169,27,87.8,7.5,11.8,0.199,106.4,36.7,345,4.5,0,0.2,7.05,0.6,0.36,0,0.01,60,16,16.6,37.9,15	1
DVT_1217	2,62,11.5,0.96,28.2,17,4.54,0.84,3.6,3,1,4.48,4.18,101,363,33.4,55.7,35.3,10,0.36,79.9,24.2,302,6.6,1.4,1,2.69,1.71,0.32,0.07,0.05,48,16,10.6,24.4,9	1
DVT_1218	2,70,11.8,0.98,34.5,17,4.26,1.66,9.9,0,1,4.87,3.26,100,120,31,61.4,29.8,12.4,0.15,95.1,30.7,323,7,1.2,0.6,2.99,1.45,0.34,0.06,0.03,47,14,15.2,45.1,5	0
DVT_1221	2,47,12.1,1.01,35.2,16.6,4.26,0.29,1.3,1,1,5.08,3.84,105,142,32,70.8,21.5,12.5,0.18,83.3,27.3,328,6.1,1.2,0.4,3.6,1.09,0.31,0.06,0.02,40,13,15.1,44.4,4	0
DVT_1236	2,28,11.3,0.94,31.1,18.4,2.47,1.33,4.4,1,1,8.65,4.5,131,220,39.6,68.1,24.6,11.3,0.25,88,29.1,331,7.1,0.2,0,5.89,2.13,0.61,0.02,0,41,13,13.9,34.3,6	1
DVT_1237	1,34,11.6,0.97,29.9,17.4,2.16,0.45,1.8,2,1,10.59,4.45,136,143,39.4,75.3,15.1,12.5,0.18,88.5,30.6,345,9.1,0.2,0.3,7.98,1.6,0.96,0.02,0.03,40,13,18.4,42.8,0	0
DVT_1238	1,31,12.7,1.06,25.8,16.7,2.6,2.52,12.3,2,1,7.47,4.14,125,182,37.4,74.34,22.4,10.4,0.19,90.3,30.2,334,2.8,0.1,0.44,5.55,1.67,0.21,0.01,0.03,43,13,11.8,27.6,15	1
DVT_1242	2,87,12.1,1.01,27.4,16.3,4.44,1.83,8.7,2,1,10.95,4.67,140,318,41.9,92.21,10.22,9.9,0.31,89.7,30,334,7,0.5,0.1,9,1.12,0.77,0.05,0.01,44,14,11.4,23.2,10	1
DVT_1243	2,75,11.8,0.98,27.7,17.2,3.32,3.39,16.4,2,0,9.88,4.04,127,190,37,87.31,7.22,10.2,0.19,91.6,31.4,343,5.5,0.1,0.01,8.63,0.71,0.54,0.01,0.01,41,12,11.9,27,10	1
DVT_1250	2,60,12.4,0.97,27.6,14.2,6.86,2.64,9.7,1,1,2.81,2.89,93,266,27.6,76.51,13.92,9.7,0.26,95.5,32.2,337,8.9,0.7,0,2.15,0.39,0.25,0.02,0,45,13,10.5,22.6,15	1
DVT_1255	2,42,11.6,0.97,28.6,16.3,3.27,0.72,2.6,2,1,6.87,4.58,133,240,38.9,69.9,22.6,12.5,0.3,84.9,29,342,7,0.4,0.1,4.8,1.55,0.48,0.03,0.01,38,13,17.7,44.8,6	0
DVT_1256	2,55,12,1,27.7,17.8,2.82,0.82,3.1,2,1,6.87,4.1,122,191,36.9,74.9,19.1,12,0.23,90,29.5,331,4.9,0.7,0.4,5.14,1.31,0.34,0.05,0.03,39,12,14.7,41.6,4	0
DVT_1258	1,38,11.7,0.92,29.4,15.3,3.6,2.36,8.3,3,1,9.95,3.4,107,118,31.6,60.4,29.3,11.8,0.14,92.9,31.5,339,9.2,0.8,0.3,6,2.92,0.92,0.08,0.03,44,13,14.4,37,8	0
DVT_1259	2,67,11.7,0.92,23,16.9,2.89,0.67,2.5,2,1,5.11,3.48,111,189,32,75.9,17.2,10.4,0.2,92,31.9,347,5.5,0.8,0.6,3.88,0.88,0.28,0.04,0.03,40,12,11.3,27.8,11	1
DVT_1263	2,68,11.8,0.98,32.4,16.9,3.94,6.32,25.8,0,1,6.34,3.84,115,211,34.5,66.5,23,9.7,0.2,89.8,29.9,333,9.5,0.8,0.2,4.22,1.46,0.6,0.05,0.01,43,13,10.6,21.7,9	1
DVT_1265	2,66,12.1,1.01,25.8,17.6,4.35,1.9,7.2,1,1,8.66,3.36,100,200,29.3,77.3,15,10.6,0.21,87.2,29.8,341,6.8,0.8,0.1,6.69,1.3,0.59,0.07,0.01,39,13,12.2,29.5,13	0
DVT_1266	1,62,13.5,1.12,30.8,17.3,2.86,4.41,19,3,1,5.7,3,89,87,26.2,70.1,18.8,13,0.11,87.3,29.7,340,9.6,1.1,0.4,4,1.07,0.55,0.06,0.02,43,13,19.3,50.5,9	1
DVT_1269	2,60,12.3,1.02,28.7,17.6,3.37,1.84,8.3,1,1,4.2,3.87,113,190,33.8,60.8,25.7,11.8,0.22,87.3,29.2,334,11.4,1.9,0.2,2.55,1.08,0.48,0.08,0.01,39,12,15,40.8,4	0
DVT_1270	2,76,11.3,0.94,30.1,17.3,3.12,7.35,29.5,1,1,6.73,3.47,107,149,32.4,77.2,13.1,10.1,0.15,93.4,30.8,330,9.5,0.1,0.1,5.19,0.88,0.64,0.01,0.01,44,13,10.6,25.1,10	1
DVT_1271	1,26,11.3,0.94,35,17.2,2.86,0.48,2,0,1,8.66,4.49,145,289,42.7,56,33.9,10.1,0.29,95.1,32.3,340,9.1,0.7,0.3,4.84,2.94,0.79,0.06,0.03,42,12,11.3,25.4,0	0
DVT_1292	1,52,12.4,1.03,32.6,16.3,3.87,1.57,5.6,1,1,7.55,3.8,122,299,37.5,75.21,14.32,10.4,0.31,98.7,32.1,325,2.8,4.6,0.1,5.67,1.08,0.44,0.35,0.01,51,14,11.8,26.7,15	1
DVT_1296	2,42,11.2,0.88,23.2,16.6,3.1,2.7,9,2,1,6.17,3.5,87,326,27.9,69.7,19.2,10.1,0.33,79.7,24.8,311,5.3,5.4,0.4,4.29,1.19,0.33,0.33,0.03,59,21,16,27.4,11	1
DVT_1303	2,59,12.1,1.01,29.2,16.8,4.26,1.38,5.4,2,1,3.52,3.63,107,269,32.1,60.4,27.7,10.4,0.28,88.4,29.5,333,6.6,4.6,0.7,3.27,1.5,0.36,0.25,0.04,40,13,12.4,28.8,4	1
DVT_1304	1,58,13,1.08,27.3,16.3,4.02,1.56,6.3,1,1,5.21,2.79,92,118,26.2,74.9,13.2,11.7,0.14,93.9,33,351,6.1,5.6,0.2,3.9,0.69,0.32,0.29,0.01,44,13,14.4,37.8,10	1
DVT_1318	1,42,12.7,1.06,33.2,15.8,5.51,4.5,20.6,0,1,6.84,4.15,129,132,38.1,76.1,13.2,11,0.14,91.8,31.1,339,7.3,2.5,0.9,5.21,0.9,0.5,0.17,0.06,45,13,13,32.4,10	1
DVT_1323	1,55,11.6,0.97,20.5,16.6,3.8,1.47,6.3,2,1,8.26,4.8,148,144,42.7,80.2,10.7,11,0.16,89,30.8,347,7.5,1.2,0.4,6.63,0.88,0.62,0.1,0.03,41,12,13,33.1,10	1
DVT_133	2,65,11.6,0.97,29.5,16.3,3.04,2.27,8.7,1,1,6.52,4.2,126,179,37.6,65.3,23.8,11,0.2,89.5,30,335,9.2,1.1,0.6,4.26,1.55,0.6,0.07,0.04,40,12,12.5,32.8,12	1
DVT_1334	2,79,11.6,0.97,29,18,3.17,1.92,7.2,3,1,4.54,3.05,84,105,25.2,74.4,15.9,11.4,0.12,82.6,27.5,333,8.6,0.9,0.2,3.38,0.72,0.39,0.04,0.01,41,14,12.9,34.2,10	1
DVT_1338	2,69,12.8,1,31.1,17.4,3.23,8.37,37.2,2,1,7.2,2.49,80,112,23.9,76.2,19.3,12.9,0.144,96.2,32,333,4,0.3,0.2,5.48,1.39,0.29,0.02,0.02,42,12,16.8,46.8,11	1
DVT_1346	2,45,11.5,0.96,25.6,18.6,2.78,0.96,3.7,2,1,5.21,3.77,120,244,34.9,68.8,25,11.4,0.28,93.6,31.8,344,5.2,0.6,0.4,3.59,1.3,0.27,0.03,0.02,41,12,13.8,37,6	1
DVT_1349	2,55,11.3,0.94,26.5,16.8,4.85,0.97,4,0,1,5.28,4.59,139,273,41.4,66.3,25,10.8,0.29,90.2,30.3,336,7.2,1.5,0,3.5,1.32,0.38,0.08,0,43,13,13.4,31.6,8	1
DVT_135	1,53,11.3,0.94,30.1,13.7,7.45,3.13,1.1,2,1,9.63,4.98,144,235,44.3,82,9.9,12.3,0.29,89,28.9,325,7.8,0.1,0.2,7.9,0.95,0.75,0.01,0.02,42,13,15.1,42.9,13	1
DVT_137	2,81,12.1,1,23.9,17.2,3.14,4.54,17.3,1,0,10.16,3.07,97,215,28.9,76.5,10.7,9.9,0.21,94.1,31.6,336,12.7,0,0.1,7.77,1.09,1.29,0,0.01,47,14,10.8,23.5,10	0
DVT_1373	2,64,11,0.92,25.6,18.2,3.22,2.33,10.7,0,0,6.38,4.14,125,228,36.7,70.1,20.5,10.9,0.25,88.6,30.2,341,7.2,1.9,0.3,4.47,1.31,0.46,0.12,0.02,40,13,11.8,31.5,9	1
DVT_1381	2,58,12,1,31.1,17,3.67,1,3.9,0,1,5.61,4.64,140,229,42.1,68.8,21.9,11.5,0.26,90.7,30.2,333,8.7,0.2,0.4,3.86,1.23,0.49,0.01,0.02,43,13,13.5,36.9,10	1
DVT_139	2,84,11.8,0.98,32,16.8,3.17,0.93,4.9,1,1,4.49,3.67,109,144,34.3,64.4,24.3,11.4,0.16,93.5,29.7,318,9.8,1.3,0.2,2.89,1.09,0.44,0.06,0.01,50,15,14,36,13	0
DVT_14	2,38,11.5,0.96,23.6,18.1,2.22,0.27,2.3,1,1,8.04,3.74,114,228,35.2,82.9,11.1,11.9,0.27,94.1,30.5,324,5.8,0,0.2,6.66,0.89,0.47,0,0.02,46,13,13.9,39.8,9	1
DVT_1402	2,63,11.8,0.98,28.4,15.9,5.36,2.91,13.6,0,1,7.48,3.67,114,203,33.7,74.5,15.9,10.4,0.21,91.8,31.1,338,5.9,3.3,0.4,5.57,1.19,0.44,0.25,0.03,41,12,11.4,28.7,12	1
DVT_141	2,74,11.5,0.96,27.5,16.5,2.62,1.92,8.4,0,1,8.03,3.89,119,273,36.1,85.4,9.7,10.3,0.28,92.8,30.6,330,4.7,0.1,0.1,6.85,0.78,0.38,0.01,0.01,42,12,11.4,26.8,14	1
DVT_143	1,62,12,1,24.8,14.4,5.53,5.2,17.6,0,1,9.31,4.02,122,350,37,79.9,9.6,10.2,0.36,92,30.3,330,8.6,1.5,0.4,7.44,0.89,0.8,0.14,0.04,42,12,11,26,16	1
DVT_1447	2,77,12.2,1.02,25.8,16.6,3.94,5.6,23.9,2,1,8.61,3.07,94,340,28.5,78.41,14.52,10,0.34,92.8,30.6,330,6.2,0.8,0.1,6.75,1.25,0.53,0.07,0.01,48,15,11.3,23.6,15	1
DVT_1452	2,69,11.9,0.99,27.2,16.1,4.85,5.54,23.3,2,1,4.33,3.52,105,354,33.2,69.3,19.2,9.4,0.33,94.3,29.8,316,8.5,2.3,0.7,3,0.83,0.37,0.1,0.03,50,15,10.1,20.1,23	1
DVT_1459	1,31,13.8,1.15,29.4,16.7,2.57,5.63,23.9,1,1,5.74,2.9,88,63,26.2,68.7,21.4,12.5,0.08,90.3,30.3,336,9.1,0.5,0.3,3.94,1.23,0.52,0.03,0.02,39,12,16.7,42.6,14	1
DVT_1461	1,87,12.6,1.05,30.4,16.9,3.32,1.28,5,1,1,6.73,3.12,95,123,28.6,79.4,11.3,11.7,0.14,91.7,30.4,332,8.5,0.7,0.1,5.34,0.76,0.57,0.05,0.01,51,15,13.6,37.7,10	1
DVT_1468	1,84,12.6,1.05,27.7,16.5,2.94,2.34,10.2,2,1,8.83,2.33,76,172,22.7,73.1,18.6,9.1,0.16,97.4,32.6,335,8.2,0,0.1,6.46,1.64,0.72,0,0.01,49,14,8.7,16.7,10	1
DVT_1483	2,86,16.1,1.34,29.2,17.5,5.08,2.34,10.2,0,1,6.92,2.01,64,148,19.1,73.1,18.4,12.1,0.18,96,32.2,335,7.5,0.6,0.4,5.06,1.27,0.52,0.04,3,49,14,15.2,42.9,15	1
DVT_1491	1,54,12,1,25.4,17.1,2.27,3.82,20.1,2,1,11.5,4.4,144,208,42.9,74.31,16.12,10.7,0.22,97.5,32.7,336,7.7,1.6,0.3,8.55,1.85,0.88,0.18,0.04,48,14,12.9,30,10	1
DVT_1492	1,81,13.7,1.14,36.9,18.9,2.67,1.5,6,0,1,5.37,3.07,89,123,27.3,67,19,11.1,0.14,88.9,29,326,11.9,1.5,0.6,3.6,1.02,0.64,0.08,0.03,44,14,12.1,33.4,13	1
DVT_150	2,84,11.9,0.99,28.6,17,2.83,3.57,12.2,1,1,8.98,2.68,90,91,25.9,71.6,20.7,13.1,0.12,96.6,33.6,347,7.6,0,0.1,6.43,1.86,0.68,0,0.01,43,12,19.1,53.2,15	1
DVT_1529	1,59,11.3,0.94,25.5,18.2,2.21,2.68,10.6,2,1,6.29,3.72,114,210,34.4,71.3,16.1,10.2,0.21,92.5,30.6,331,12.1,0.2,0.3,4.49,1.01,0.76,0.01,0.02,46,13,11.3,25.8,6	1
DVT_1535	1,52,12,1,28.7,18.4,1.92,8.85,35.2,2,1,13,4.38,131,173,40.4,83.2,10.1,12,0.21,92.2,29.9,324,5.9,0.4,0.4,10.82,1.31,0.77,0.05,0.05,43,13,16.2,40.5,4	1
DVT_1536	1,52,11.9,0.99,30.3,16,5.08,3.89,19.3,1,1,5.16,4.01,127,200,36.8,60.8,26.6,11.6,0.23,91.8,31.7,345,9.1,3.1,0.4,3.14,1.37,0.47,0.16,0.02,42,13,14.4,38.5,6	1
DVT_1542	2,55,12.1,1.01,33.9,17.1,3.27,0.48,1.7,0,1,5.55,3.81,115,165,35.8,67.3,22.9,11.4,0.19,94,30.2,321,7.9,1.4,0.5,3.73,1.27,0.44,0.08,0.03,44,13,14.8,36.7,4	1
DVT_1543	2,59,12.1,1.01,27.5,18.1,2.32,3.27,15.2,0,1,7.09,3.37,102,91,31.6,80.6,11,12.9,0.12,93.8,30.3,323,7.8,0.3,0.3,5.72,0.78,0.55,0.02,0.02,45,13,18.1,46.8,2	1
DVT_1547	2,82,12.3,1.02,25.8,19.2,3.32,3.39,17.5,3,1,5.96,4.35,136,187,41.4,60.1,32,11.1,0.21,95.2,31.3,329,5.4,1.8,0.7,3.58,1.91,0.32,0.11,0.04,43,12,13.1,33.1,10	1
DVT_1559	2,62,12.3,1.02,37.2,17.4,3.73,0.76,3.3,0,1,6.82,4.07,122,187,37.5,74.41,18.52,12.7,0.24,92.1,30,325,6.7,0.3,0.1,5.07,1.26,0.46,0.02,0.01,44,13,16.4,47.4,7	1
DVT_1601	1,44,12.5,1.05,27.6,15.5,3.78,2.17,9.5,0,1,10.79,3.81,128,190,36.5,68.9,19.3,8.7,0.166,95.7,33.6,351,11.3,0.2,0.3,7.44,2.08,1.22,0.02,0.03,44,13,15.9,16.4,15	1
DVT_1608	2,76,11.4,0.95,24.3,17.4,2.64,4.62,23.5,3,1,13.13,4.26,123,204,35.9,87,7.2,10.6,0.22,84.3,28.9,343,5.3,0.2,0.3,11.42,0.95,0.69,0.03,0.04,37,12,13.2,30.8,10	1
DVT_1610	1,78,12.5,1.04,27.9,19.1,2.41,1.29,4.6,1,1,8.85,3.43,119,99,35.2,75.2,15.8,11.4,0.11,102.6,34.7,338,8.6,0.2,0.2,6.65,1.4,0.76,0.02,0.02,48,13,13.1,35.1,14	1
DVT_1614	1,57,13.3,1.11,26,15.9,5.3,2.96,12,3,1,9.06,3.15,110,399,32,76.9,10.4,8.9,0.357,101.7,34.8,343,9.1,2.8,0.8,6.98,0.94,0.82,0.25,0.07,51,14,15.7,18,19	1
DVT_163	2,42,11.9,0.99,35,16.7,2.4,2.82,11.2,3,1,11.86,4.28,121,204,38.2,75.5,17,11.7,0.24,89.3,28.3,317,7.1,0.2,0.2,8.96,2.02,0.84,0.02,0.02,43,13,14.3,38.9,8	0
DVT_1654	2,79,12,1,29.1,15.7,4.35,2.03,8.7,0,1,6.87,2.56,81,192,24.4,74.6,16.7,12,0.23,95.3,31.6,332,7.7,1,0,5.12,1.15,0.53,0.07,0,46,13,14.5,40.7,10	1
DVT_1658	2,77,11.8,0.98,24.8,17.6,4.54,1.76,7.1,0,1,5.8,3.67,114,297,36.4,58.7,29.3,10.3,0.31,99.2,31.1,313,9.8,1.9,0.3,3.4,1.7,0.57,0.11,0.02,53,14,11.5,27.2,12	1
DVT_1663	2,62,11,0.92,28.6,17.5,2.74,0.42,3.5,2,1,6.95,4.09,123,187,36.7,64.7,30.4,10.5,0.2,89.7,30.1,335,4.5,0.3,0.1,4.5,2.11,0.31,0.02,0.01,41,13,11.5,29.1,7	1
DVT_1672	1,54,12.2,1.02,23.7,15.8,3.22,6.47,39.35,1,1,6.66,3.76,118,138,35,82.5,12.2,10.3,0.14,93.1,31.4,337,4.5,0.5,0.3,5.5,0.81,0.3,0.03,0.03,45,13,11.6,27.8,10	1
DVT_1679	2,84,11.7,0.98,22.3,18.2,4.6,1.1,5.2,0,1,6.63,3.45,107,249,33.1,70,19.52,11.3,0.28,95.9,31,323,9.4,0.9,0.2,4.65,1.29,0.62,0.06,0.01,46,13,13.8,35,10	1
DVT_1685	2,82,11.6,0.97,27.1,17,3.17,2.68,14.1,1,1,5.19,3.06,94,183,29.1,68.6,18.9,10.5,0.19,95.1,30.7,323,10.8,1.3,0.4,3.56,0.98,0.56,0.07,0.02,46,13,11.1,27.6,12	1
DVT_1692	2,56,12,1,30.7,16.8,5.08,1.52,6,3,1,5.65,3.39,109,164,33.2,74.3,17.5,10.4,0.17,97.9,32.2,328,7.3,0.7,0.2,4.2,0.99,0.41,0.04,0.01,55,15,11.4,27.5,13	1
DVT_17	1,34,12.8,1.06,35.2,17.8,3.81,0.48,3.5,1,1,11.44,4.22,128,321,38.1,65.8,23.3,10.4,0.33,90.3,30.3,336,9.8,0.7,0.4,7.52,2.67,1.12,0.08,0.05,39,12,11.8,28.7,9	1
DVT_170	2,65,11.8,0.98,32.8,16.6,2.83,1.46,5.5,0,1,10.46,4.27,123,213,36.3,82.41,12.02,10.7,0.23,85,28.8,339,5.4,0.1,0.1,8.62,1.26,0.56,0.01,0.01,42,14,12.7,30.9,5	1
DVT_1706	1,81,12.5,1.04,22.6,16.7,4.11,1.98,8.8,3,1,7.63,2.56,88,103,26.6,74.4,8.3,10,0.1,103.9,34.4,331,16.8,0.1,0.4,5.68,0.63,1.28,0.01,0.03,50,13,9.4,25.1,12	1
DVT_1708	2,82,11.5,0.96,23.8,17.5,4.5,2.07,11.3,0,1,4.82,3.08,98,242,29.7,74.4,17.8,11.4,0.25,96.4,31.8,330,3.3,4.1,0.4,3.58,0.86,0.16,0.2,0.02,64,18,12.1,34.7,12	1
DVT_1724	1,60,11.4,0.95,27,15.8,4.35,1.25,5.2,1,1,8.53,4.65,144,235,42.7,73.6,15,11.1,0.26,91.8,31,337,9.1,1.8,0.5,6.28,1.28,0.78,0.15,0.04,40,12,12.5,33.5,8	1
DVT_1734	1,72,13,1.08,33.7,16.4,3.8,4.16,20,0,1,4.54,3.42,103,255,32.1,62.1,21.4,9.4,0.24,93.9,30.1,321,11.9,4.2,0.4,2.82,0.97,0.54,0.19,0.02,46,14,9.8,20,14	1
DVT_174	2,76,11.2,0.93,28.1,16.2,3.27,1.95,7.8,2,1,7.27,3.3,97,210,28.8,71.9,18.4,10.3,0.22,87.3,29.4,337,9.5,0.1,0.1,5.22,1.34,0.69,0.01,0.01,41,13,10.5,26.5,16	1
DVT_1745	2,72,11,0.92,26.5,15.8,5.67,0.5,2.5,1,1,7.25,3.81,131,253,39.9,75.8,14.5,11.4,0.29,104.7,34.4,328,8.4,0.7,0.6,5.5,1.05,0.61,0.05,0.04,47,12,14,36.5,9	1
DVT_175	1,28,12.4,1.03,30.3,15.9,2.91,0.4,3.1,2,1,6.89,4.85,144,261,45.2,58.9,25.7,10.7,0.28,93.2,29.7,319,12.6,2.2,0.6,4.06,1.77,0.87,0.15,0.04,43,13,11.4,29.7,3	1
DVT_1754	1,41,11.7,0.98,26.1,14.8,6.85,3.1,14.9,1,1,5.1,2.93,97,205,26.4,68.2,20.8,9.4,0.19,90.1,33.1,367,9.1,1.2,0.6,3.48,1.06,0.47,0.06,0.03,38,12,9.6,20.5,15	1
DVT_1755	2,68,12.4,1.04,29.7,19.8,2.35,5.68,22.6,0,1,10.12,3.81,120,181,34.8,85.6,10.2,12,0.217,91.5,31.6,346,4.1,0,0.1,8.65,1.04,0.41,0,0.02,41,12,16.2,39.4,9	1
DVT_1771	1,78,12.5,1.04,25.7,16.2,4.02,1.57,7.4,3,1,6.49,3.7,113,181,32.7,81.3,9.1,10,0.18,88.4,30.5,346,8.8,0.3,0.5,5.28,0.59,0.57,0.02,0.03,39,12,10.6,24.4,10	1
DVT_1778	2,83,12.8,1.07,29.9,18.3,2.57,15.01,84,3,1,7.65,3.03,84,148,26.6,76.61,15.42,11,0.16,87.8,27.7,316,6,1.7,0.3,5.86,1.18,0.46,0.13,0.02,49,15,13,33.1,12	1
DVT_178	2,28,12.2,1.02,29.3,16.3,3.08,1.34,5.8,2,0,6.37,3.67,84,277,27.1,78.01,12.22,10.9,0.3,73.8,22.9,310,9.3,0.3,0.2,4.97,0.78,0.59,0.02,0.01,39,15,13.1,33,9	1
DVT_179	2,76,11.4,0.95,24.8,17.9,3.34,1.03,6.2,1,1,5.53,3.98,123,160,36.3,63.1,25.5,11.6,0.19,91.2,30.9,339,10.7,0.5,0.2,3.49,1.41,0.59,0.03,0.01,44,13,15.1,38.8,17	1
DVT_1793	2,40,11,0.92,24.6,20.6,2.46,4.38,18,1,1,11.7,4.07,131,188,38.9,87,8.6,13.1,0.247,95.5,32.2,338,4.2,0.1,0.1,10.17,1,0.5,0.01,0.02,44,13,16.5,46.9,8	1
DVT_1809	2,40,12.1,1.01,27.3,23.4,2.57,1.03,3.2,2,1,7.67,3.41,107,148,32.5,88,8.2,14.9,0.221,95.5,31.4,329,3.7,0,0.1,6.76,0.63,0.28,0,0,47,14,16.3,60.7,11	1
DVT_181	2,86,11.2,0.93,25.3,17,2.37,7.96,24.2,2,1,7.57,3.55,113,174,33.9,81.4,11.4,11.8,0.2,95.5,31.8,333,7,0.1,0.1,6.16,0.86,0.53,0.01,0.01,43,12,13.8,40,9	1
DVT_1811	1,60,12.1,1.01,30.3,16.4,3.73,2.88,16.8,2,1,7.2,4.58,112,165,36.8,64.1,25.4,10.5,0.17,80.3,24.7,307,9.2,1,0.3,4.62,1.83,0.66,0.07,0.02,48,16,13.3,29.9,10	1
DVT_1815	2,84,11.8,0.99,28.5,23,4.78,1.13,5.5,1,1,9.22,4.15,124,502,36.7,78.2,14.5,7.9,0.397,88.4,29.9,339,6.4,0.6,0.3,7.21,1.34,0.59,0.05,0.03,41,13,15.2,11.3,13	1
DVT_1843	2,57,12.2,1.02,30.3,19,2.19,1.44,5.5,3,1,11.36,4.27,126,189,38.3,80.1,9.9,12.1,0.23,89.7,29.5,329,8.9,0.7,0.4,9.1,1.12,1.01,0.08,0.05,42,13,14.9,40.7,8	1
DVT_1849	1,39,11.5,0.96,24.8,17.4,2.57,0.29,1.3,0,1,6.94,4.39,142,247,42,68.1,22,9,0.22,95.7,32.3,338,8.2,1.3,0.4,4.72,1.53,0.57,0.09,0.03,40,11,9.5,16.9,0	1
DVT_185	2,56,11.3,0.94,25.4,17.5,2.26,0.44,3.1,2,1,7.32,4.33,133,222,41,52.5,35.4,11.4,0.25,94.7,30.7,324,6.3,4.8,1,3.85,2.59,0.46,0.35,0.07,42,12,14,35.4,10	0
DVT_1852	2,84,12.4,1.03,30.7,17.1,6.02,0.57,2.3,3,1,8.5,3.21,99,193,30.2,83.8,8.8,11.3,0.22,94.1,30.8,328,6.7,0.6,0.1,7.12,0.75,0.57,0.05,0.01,44,13,13.1,34.1,10	1
DVT_1859	2,63,12.4,1.04,30.2,19,3.38,0.94,3.6,0,1,7.84,4.52,138,140,41.8,91.7,5.7,12.3,0.173,92.4,30.6,331,2.3,0.2,0.1,7.18,0.45,0.18,0.02,0.01,40,12,16.2,42.3,5	1
DVT_1861	2,65,12.1,1.01,26.1,16.5,2.54,10.11,51,1,1,9.35,3.74,112,202,34,83,10.2,10.9,0.22,90.9,29.9,329,6.7,0,0.1,7.76,0.95,0.63,0,0.01,41,12,12.1,31.8,15	1
DVT_1865	2,61,12.9,1.08,27.4,18.6,2.64,8.55,41.5,0,1,5.94,3.15,94,153,28.9,80.8,13.1,11.9,0.182,91.5,29.7,325,5.8,0.1,0.2,4.81,0.78,0.34,0,0.01,43,13,11.9,16.1,11	1
DVT_1868	2,86,11.6,0.97,26.7,16.7,3.07,3.31,16.7,2,1,11.71,2.88,89,196,26.3,87.4,7.4,13,0.25,91.3,30.9,338,5.1,0,0.1,10.23,0.87,0.6,0,0.01,44,13,16.2,48.9,10	1
DVT_1869	2,87,12.5,1.04,30.7,16.3,4.64,1.3,4.4,0,1,6.69,3.19,99,193,31.1,74.3,15.7,12.2,0.24,97.5,31,318,9.6,0.1,0.3,4.97,1.05,0.64,0.01,0.02,50,14,16.1,42.9,10	1
DVT_1877	1,66,12,1,30.8,15.2,5.36,3.02,14.7,0,1,6.12,3.66,117,111,35.5,76.3,15,12.2,0.14,97,32,330,8,0.5,0.2,4.67,0.92,0.49,0.03,0.01,45,13,15.3,41.4,11	1
DVT_188	2,80,11.9,0.99,29,17.1,2.69,4.9,15.5,2,1,7.17,2.84,100,210,30.4,79.4,11.6,11.1,0.23,107,35.2,329,8.9,0,0.1,5.69,0.83,0.64,0,0.01,52,13,12.8,33.2,13	1
DVT_189	1,30,12,1,30.6,17.4,2.11,0.3,2.5,1,1,11.41,4.33,127,158,38.1,69.7,23,10.8,0.17,88,29.3,333,6,0.9,0.4,7.92,2.62,0.69,0.1,0.04,44,14,11.5,31.2,7	1
DVT_190	2,74,12.4,1.03,25.9,18.4,2.88,8.01,34.1,2,1,7.25,3.77,110,144,33.6,67.7,22.6,12.1,0.17,89.1,29.2,327,7.3,1.7,0.7,4.91,1.64,0.53,0.12,0.05,41,13,15.2,41.8,12	1
DVT_1909	1,45,12.3,1.02,27.3,15.4,6.62,2.63,12.7,1,1,13.06,5.31,158,193,45.9,76.9,13.1,11.1,0.21,86.4,29.8,344,9.6,0.2,0.2,10.04,1.71,1.25,0.03,0.03,35,11,13,33.3,8	1
DVT_1915	2,65,11.8,0.99,24.6,18.2,2.6,4.42,15,0,1,13.34,3.99,123,160,37.1,80.3,15.4,13.4,0.215,92.9,30.9,332,3.9,0.2,0.2,10.7,2.06,0.52,0.03,0.03,41,13,16.4,49.2,11	1
DVT_1916	2,54,12,1,24,16.3,3.54,1.08,4.8,2,1,5.01,3.81,118,170,36.8,71.4,15.8,10.6,0.18,96.6,31,321,8.8,3.2,0.8,3.58,0.79,0.44,0.16,0.04,43,12,12.6,30,8	1
DVT_1921	1,52,11.6,0.97,26.9,16.2,2.86,1.49,6.2,0,1,7.8,4.14,128,226,37.5,72.9,13.5,10.4,0.24,90.6,30.9,341,13.5,0,0.1,5.69,1.05,1.05,0,0.01,41,13,12,27.7,13	1
DVT_193	2,65,11,0.92,21.4,19.3,2.1,10.44,47,0,1,13.25,3.73,120,258,36,90.2,6,10.1,0.26,96.5,32.2,333,3.5,0.1,0.2,11.96,0.79,0.47,0.01,0.02,44,12,10.9,25.7,12	0
DVT_1948	2,82,11.9,0.99,20.1,16.6,3.94,2.19,9.8,1,1,6.61,3.09,98,102,29.2,77.2,13.6,12,0.12,94.5,31.7,336,8.8,0.2,0.2,5.11,0.9,0.58,0.01,0.01,45,13,13.6,38.2,12	1
DVT_195	1,53,12.8,1.06,33.8,17.4,2.25,14.07,80.7,0,1,10.91,3.41,137,150,37.8,87.5,6.2,11,0.16,110.9,40.2,362,6.2,0,0.1,9.54,0.68,0.68,0,0.01,51,12,13.4,33.5,13	1
DVT_1958	2,89,13.2,1.1,33.5,17.4,4.74,2.17,10.3,1,1,10.09,3.72,112,332,34.9,71.9,20.7,10.5,0.35,93.8,30.1,321,6.4,0.7,0.3,7.25,2.09,0.65,0.07,0.03,44,13,12,28.2,12	1
DVT_196	1,45,11.4,0.95,24.9,15.7,3.88,1.32,6.9,3,1,8.2,4.6,139,161,41.6,74.6,14.9,11.8,0.19,90.4,30.2,334,9.3,1,0.2,6.12,1.22,0.76,0.08,0.02,43,13,14.8,40.3,14	1
DVT_1961	2,75,12.3,1.03,31.7,16.8,4.35,2.04,7.7,0,1,4.12,4.75,146,151,46.9,67.9,23.6,10.1,0.152,98.7,30.7,311,8.2,0,0.3,2.8,0.97,0.34,0,0.01,60,17,16.4,27.1,17	1
DVT_1976	2,77,12.9,1.07,30.2,18.3,2.64,3.98,19.3,2,1,5.35,2.62,46,209,17.7,73.9,15,10.3,0.21,67.6,17.6,260,10.5,0.4,0.2,3.96,0.8,0.56,0.02,0.01,43,18,11.6,27.5,12	1
DVT_2009	1,47,12.3,1.02,29.1,17.5,2.54,2.18,9.2,2,1,10.24,3.94,120,184,34.9,73.9,11.6,9.9,0.18,88.6,30.5,344,14.3,0,0.2,7.57,1.19,1.46,0,0.02,36,11,11,24.3,8	1
DVT_2014	2,74,13.6,1.13,34.6,18.7,1.92,2.84,13,0,1,10.62,2.34,88,103,26.3,87.1,7.6,14.1,0.15,112.4,37.6,335,5.2,0,0.1,9.25,0.81,0.55,0,0.01,54,13,19.4,56.5,14	1
DVT_2016	2,83,12.4,1.03,32.4,16.9,3.12,2.17,9.7,2,1,6.75,3.85,114,157,33.2,83.21,9.32,11.7,0.18,86.2,29.6,343,7.3,0.1,0.1,5.61,0.63,0.49,0.01,0.01,43,14,14.7,38.2,12	1
DVT_2019	2,64,12.5,1.04,25,17.8,2.67,1.13,4.3,2,1,6.33,3.86,115,129,34.9,73.6,18.6,11.5,0.15,90.4,29.8,330,7.1,0.5,0.2,4.66,1.18,0.45,0.03,0.01,40,12,13.6,36.1,5	1
DVT_2029	2,78,12.3,1.02,33.5,16.9,3.67,4.18,20.2,2,1,5.08,3.17,98,100,30,68.1,15.6,13.6,0.14,94.6,30.9,327,9.4,6.5,0.4,3.46,0.79,0.48,0.33,0.02,43,13,19.6,52.8,10	1
DVT_2035	1,81,13.4,1.12,32.3,14.4,6.69,1.65,7.8,2,1,7.3,3.49,114,120,34.8,82.5,10.6,8.8,0.105,99.8,32.8,329,5.5,1.1,0.3,6.02,0.78,0.4,0.08,0.02,50,14,16.6,18.4,10	1
DVT_2038	2,66,13.1,1.09,27.9,17,4.26,1.56,6.4,1,1,6.45,3.75,100,260,32.6,60.1,30.9,9.1,0.24,86.9,26.7,307,5.6,2.8,0.6,3.88,1.99,0.36,0.18,0.04,44,14,8.6,15.9,14	1
DVT_204	2,80,12.6,1.05,32.7,18.8,2.18,1.94,7.5,1,1,6.72,1.72,79,182,22,72.8,20.2,10.6,0.19,127.9,45.9,359,6.8,0.1,0.1,4.88,1.36,0.46,0.01,0.01,67,14,11.4,28.1,15	1
DVT_2047	2,82,12,1,26.4,18.5,2.02,3.94,20.6,1,1,6.74,2.66,81,196,24.9,69.8,21.4,10.9,0.21,93.6,30.5,325,8.5,0.3,0,4.71,1.44,0.57,0.02,0,48,14,12.2,31.6,10	1
DVT_2049	2,78,13.1,1.09,37.3,17.7,3.8,2,10.8,0,1,6.25,3.24,106,121,32.1,64,23.8,10.9,0.13,99.1,32.7,330,10.1,1.8,0.3,4,1.49,0.63,0.11,0.02,45,12,12,31.5,12	1
DVT_2058	1,37,13.8,1.15,30.9,14.7,4.35,4.35,17.7,0,1,6.61,3.04,99,116,29.7,68.9,21.9,9.8,0.115,97.9,32.7,334,8.7,0.3,0.2,4.55,1.45,0.57,0.02,0.02,40,11,16.5,24.6,11	1
DVT_2075	1,40,12.4,1.03,28.4,16.4,2.14,3.5,18.8,1,1,5.88,2.31,75,93,22,74.11,16.22,11.5,0.11,95.2,32.5,341,9.5,0.2,0.01,4.36,0.95,0.56,0.01,0.01,46,13,13.7,37.5,17	1
DVT_2076	1,84,11.9,0.99,28.6,16.5,3.67,0.82,3.4,2,1,7.86,4.78,145,226,43.7,56.3,25.4,9.2,0.21,91.4,30.3,332,13,4.8,0.5,4.42,2,1.02,0.38,0.04,41,12,9.6,17.9,12	1
DVT_2080	1,59,11.7,0.98,32.3,16.1,4.44,0.83,3.3,2,1,7.82,3.4,110,196,31.9,65.1,24.6,10.5,0.2,93.8,32.4,345,8.4,1.4,0.5,5.09,1.92,0.66,0.11,0.04,42,12,12,28.5,6	1
DVT_2081	1,88,12.7,1.06,28.1,21.7,1.14,2.61,13.1,0,1,9.01,3.2,101,145,30.9,77.3,15.8,10.2,0.15,96.6,31.6,327,6,0.6,0.3,6.97,1.42,0.54,0.05,0.03,46,13,10.9,26.8,13	1
DVT_2087	1,37,13.2,1.1,25.2,16.3,3.78,3,12,2,1,12.1,4.44,144,190,41.4,80,13.4,9.6,0.183,93.3,32.3,347,6.2,0.2,0.2,9.69,1.62,0.75,0.02,0.02,40,12,16,23.3,15	1
DVT_2090	1,70,11.8,0.98,26.3,16.2,4.02,3.58,19.7,2,1,12.88,3.8,123,180,36.5,83.6,6.1,10.8,0.19,96.1,32.4,337,10,0.1,0.2,10.78,0.78,1.29,0.01,0.02,45,13,12.5,30.5,25	1
DVT_21	1,61,12.7,1.06,35.1,18,2.73,5.74,22.7,0,1,5.15,3.93,126,137,38.1,64.4,26.4,11.4,0.16,96.9,32.1,331,8.2,0.6,0.4,3.32,1.36,0.42,0.03,0.02,46,13,13.8,36.8,14	1
DVT_2107	1,71,12,1,30.3,16.6,3.8,1.49,5.9,2,1,6.6,4.64,135,288,42.4,62.2,25,8.4,0.24,91.4,29.1,318,9.2,3,0.6,4.1,1.65,0.61,0.2,0.04,47,14,8.3,12.8,16	1
DVT_2114	1,48,12.1,1.01,33.5,15.3,7.09,2.1,11.5,1,1,7.35,2.78,86,407,27.1,60.8,24.6,10.5,0.43,97.5,30.9,317,12.8,1.5,0.3,4.47,1.81,0.94,0.11,0.02,44,12,11.3,28.5,16	1
DVT_2156	2,42,12.1,1.01,31.1,15.9,3.48,0.71,2.9,2,1,6.74,4.03,126,235,38.2,60.1,30.4,10.9,0.26,94.8,31.3,330,6.2,2.7,0.6,4.05,2.05,0.42,0.18,0.04,43,13,13.6,32.5,6	1
DVT_2161	1,54,12.6,1.05,35.2,16.2,5.51,3.82,20.3,0,1,8.62,3.26,104,172,31.1,79.7,10.6,10.8,0.19,95.4,31.9,334,7.8,1.7,0.2,6.87,0.91,0.67,0.15,0.02,47,14,12,30.6,18	1
DVT_22	2,27,13.6,1.13,26.8,18.5,1.76,23.64,122.4,3,1,4.72,3.94,125,217,36.5,63.2,30.3,11.2,0.24,92.6,31.7,342,5.9,1.1,0.4,2.94,1.43,0.28,0.05,0.02,39,12,13.7,34.6,11	1
DVT_2204	1,64,13.1,1.09,29.2,17,2.9,4.56,24.6,1,1,10.37,4.47,145,167,43.7,83.7,9.6,11.8,0.2,97.8,32.4,332,6,0.5,0.2,8.68,1,0.62,0.05,0.02,47,13,15,39.6,23	1
DVT_222	1,68,11.9,0.99,38.64,15.5,3.8,2.07,8.58,0,1,9.98,4.52,140,162,43.3,66.9,19.4,12.6,0.21,95.8,31,323,11.8,1.5,0.4,6.67,1.94,1.18,0.15,0.04,43,12,19.3,47.3,12	1
DVT_2223	2,82,12.5,1.04,27,18.4,2.74,3.16,16.3,1,1,13.94,3.67,119,297,35,70,20.8,10.3,0.31,95.4,32.4,340,8.8,0.1,0.3,9.75,2.9,1.23,0.02,0.04,45,13,10.9,26.6,12	1
DVT_2236	2,82,13,1.09,23.3,17.4,4.27,7.25,34.1,2,1,8.4,3.55,110,180,34.2,80.3,14.7,10.9,0.196,96.2,31,322,4.8,0.1,0.1,6.74,1.24,0.4,0.01,0.01,44,13,16.5,31.9,15	1
DVT_2240	2,87,11.6,0.97,36,18.2,3.07,0.92,3.9,0,1,5.07,3.28,102,278,32.2,65.1,22.5,9.2,0.25,98.2,31.1,317,7.3,4.3,0.8,3.3,1.14,0.37,0.22,0.04,49,14,9.7,17.7,14	1
DVT_2256	2,51,11.1,0.93,28.4,15.8,4.02,1.74,7.2,2,1,9.91,3.48,112,231,33.1,71,21.1,11.3,0.26,95.1,32.2,338,7.3,0.3,0.3,7.04,2.09,0.72,0.03,0.03,45,13,13.3,34.8,9	1
DVT_2274	1,54,12,1,30.5,15.8,6.41,1.33,6.2,2,1,7.74,3.24,105,283,31.4,73.7,17.2,10.7,0.3,96.9,32.4,334,8.3,0.5,0.3,5.71,1.33,0.64,0.04,0.02,46,13,11.9,30.3,13	1
DVT_2275	1,20,12.8,1.07,29.3,17.8,2.6,1.77,10.7,1,1,7.68,3.15,99,131,28.9,69.3,22.4,12.3,0.16,91.7,31.4,343,8.2,0,0.1,5.32,1.72,0.63,0,0.01,41,13,15.5,44.7,13	1
DVT_228	1,57,11.9,0.99,29,14.4,6.87,2.87,12.6,1,1,10.1,3.29,104,269,29.5,79.8,8.3,10.7,0.29,89.7,31.6,353,10.6,0.8,0.5,8.06,0.84,1.07,0.08,0.05,38,12,12.3,30.6,11	1
DVT_2288	2,86,12,1.01,27.9,16.7,2.85,1.87,7.5,2,1,6.39,2.2,72,140,22.4,77.7,13.3,10.9,0.15,101.8,32.7,321,8.6,0.2,0.2,4.97,0.85,0.55,0.01,0.01,51,14,13,33.3,15	1
DVT_2294	2,85,11.7,0.98,28.4,17.7,2.35,1.61,7.2,1,1,8.94,3.4,101,185,30.5,76,15.2,11.1,0.21,89.7,29.7,331,8.4,0.2,0.2,6.79,1.36,0.75,0.02,0.02,41,13,12.3,33.4,15	1
DVT_230	2,83,11.9,0.99,30.2,17.1,3.58,14.09,48.7,0,1,5.72,3.23,97,212,30.1,67.3,19.9,11.5,0.24,93.2,30,322,7.7,4.4,0.7,3.85,1.14,0.44,0.25,0.04,48,14,12.6,36,15	1
DVT_2311	2,56,12.1,1.01,31.6,16.9,2.74,2.68,14.1,3,1,7.13,4.06,127,275,38.8,71,20.9,11.7,0.32,95.6,31.3,327,7,0.7,0.4,5.06,1.49,0.5,0.05,0.03,42,12,15,39.3,6	1
DVT_2318	1,32,12.8,1.07,26.7,15.5,3.32,0.44,2.6,0,1,10.34,4.11,117,307,36,69.3,17.1,9.6,0.29,87.6,28.5,325,12.8,0.3,0.5,7.17,1.77,1.32,0.03,0.05,42,13,10.3,20.9,16	1
DVT_2334	2,36,15.1,1.26,31.5,17.5,2.86,1.58,5.8,0,1,6.46,3.85,113,94,34,68.8,21.2,12.9,0.12,88.3,29.4,332,8.2,1.5,0.3,4.44,1.37,0.53,0.1,0.02,40,12,19,48.8,6	1
DVT_2343	2,79,15.3,1.27,41.1,16.2,5.08,2.51,13.5,0,1,8.26,3.29,57,343,22.3,65.8,20.2,10.9,0.37,67.8,17.3,256,11.3,2.2,0.5,5.44,1.67,0.93,0.18,0.04,50,21,14.8,34.8,12	1
DVT_2353	2,63,11.8,0.98,25.1,15.8,5.22,3.87,18.6,3,1,5.73,3.41,113,245,33.7,74.3,16.4,9.2,0.22,98.8,33.1,335,8,1,0.3,4.25,0.94,0.46,0.06,0.02,47,13,9.2,17.1,13	1
DVT_2354	1,46,17.8,1.48,42.1,22.5,1.32,2.83,10.2,2,1,4.28,3.68,111,54,33.1,72.2,15.9,11.4,0.06,89.9,30.2,335,9.1,2.1,0.7,3.09,0.68,0.39,0.09,0.03,45,14,12.4,36.2,15	1
DVT_2360	1,86,12.1,1.01,30.9,17.4,3.8,1.85,7,2,1,6.45,4.58,137,235,42.4,45.7,43.3,10,0.23,92.6,29.9,323,9,1.7,0.3,2.95,2.79,0.58,0.11,0.02,49,14,11.1,23.6,15	1
DVT_2361	2,83,13.1,1.09,32.6,15.7,5.22,6.16,29.2,1,1,21.9,2.74,97,228,28.7,93.2,2.9,10.3,0.23,104.7,35.4,338,3.7,0.1,0.1,20.39,0.64,0.81,0.03,0.03,59,16,11,25.8,12	1
DVT_2381	1,28,11.9,1,24.4,16.7,2.7,4.45,15,0,1,11.9,5.16,161,197,48,80.8,12.3,11.2,0.22,93.1,31.2,335,6.7,0.1,0.1,9.63,1.46,0.79,0.01,0.01,41,12,16.2,33.1,13	1
DVT_2385	1,63,11.5,0.96,23.7,15.9,4.26,1.1,4.4,2,1,7.36,4.55,137,192,43.2,65.5,22.6,10,0.19,94.9,30.1,317,8.4,3,0.5,4.82,1.66,0.62,0.22,0.04,45,13,10,23.3,11	1
DVT_2394	1,42,13.1,1.09,29.4,15.7,5.36,6.09,27.8,2,1,17.88,4.1,128,500,38.8,82.1,10.6,9.9,0.5,94.6,31.2,330,5.8,1.2,0.3,14.67,1.9,1.04,0.21,0.06,50,15,10.9,24,11	1
DVT_2418	1,55,15.4,1.28,31.3,16.9,5.66,4.28,16.4,0,1,11.8,3.31,108,379,32.9,89,5.5,9.5,0.358,99.3,32.7,330,5.2,0.2,0.1,10.5,0.65,0.61,0.03,0.01,48,14,16.1,22.1,23	1
DVT_2419	1,65,13.7,1.14,31.4,16.9,2.21,3.73,15.1,3,1,6.56,3.61,116,109,33.6,74.5,15.5,11,0.12,93.1,32.1,345,9.3,0.3,0.4,4.88,1.02,0.61,0.02,0.03,42,13,16.2,34.1,18	1
DVT_2420	1,58,12.6,1.05,31.8,16.1,4.69,5.88,20.1,0,1,5.39,3.91,126,210,38.6,80.2,10.6,9.6,0.201,98.8,32.4,327,7.5,1.4,0.3,4.32,0.57,0.41,0.08,0.01,48,14,16.3,22.5,16	1
DVT_2422	2,69,12.3,1.02,28.1,17.9,2.57,2.84,9,0,1,5.6,2.76,90,160,27.4,75.9,15.7,10.4,0.17,99.3,32.6,328,8,0.2,0.2,4.25,0.88,0.45,0.01,0.01,44,12,12.5,28.1,11	1
DVT_2425	2,50,11.8,0.99,24,16.7,3.1,1.73,6,1,1,6.41,3.49,112,177,34.8,77.2,16.7,12.2,0.216,99.7,32.1,323,4.8,1.1,0.2,4.94,1.07,0.31,0.07,0.02,44,12,16.3,40.1,17	1
DVT_2430	1,64,12.8,1.07,27.6,16.7,2.51,3.15,11.3,1,1,9.14,3.54,117,182,34.6,81.8,9.9,10,0.182,97.8,33.1,338,8.1,0,0.2,7.47,0.91,0.74,0,0.02,45,13,16.4,26.5,18	1
DVT_2437	1,49,11.6,0.97,23.4,17.5,2.91,0.35,1.3,1,1,7.61,4.24,131,159,37.9,74.7,15.9,10.8,0.17,89.4,30.9,346,8.8,0.5,0.1,5.68,1.21,0.67,0.04,0.01,44,14,12.4,31.6,9	1
DVT_2439	1,87,12.7,1.06,27.1,16.1,4.69,4.94,17.2,2,1,15.25,3.68,117,309,34.8,90.7,3.9,7.6,0.236,94.6,31.7,335,5,0.3,0.1,13.84,0.59,0.76,0.04,0.02,45,13,15.5,10.2,15	1
DVT_2447	1,53,13.3,1.03,26.6,15.2,8,3.53,12.1,1,1,7.71,3.05,98,319,30.3,78.7,13.5,9.2,0.29,99.3,32.1,323,6.5,0.9,0.4,6.07,1.04,0.5,0.07,0.03,48,13,9.3,17.6,13	1
DVT_2451	2,53,10.6,0.88,22.2,17.5,4.04,1.83,7.3,0,1,10.55,3.15,100,220,29.5,80,10,10.1,0.22,93.7,31.7,339,10,0,0,8.45,1.05,1.05,0,0,42,12,11.1,25.2,20	1
DVT_2480	1,33,11.2,0.94,20.9,16.9,2.85,2.51,8.9,0,1,7.58,5.28,155,217,47.4,79.7,12.9,11.5,0.249,89.8,29.3,326,6.5,0.3,0.6,6.04,0.98,0.5,0.02,0.04,42,13,16.5,34.8,12	1
DVT_2525	1,60,12.2,1.02,26.7,17.4,5.49,3.41,17.4,0,1,6,3.34,107,431,32.6,73.6,14.3,9.7,0.42,97.6,32,328,10.5,1.3,0.3,4.41,0.86,0.63,0.08,0.02,47,13,10.1,21.6,29	1
DVT_2526	1,40,13.2,1.1,30.3,17,3.48,0.64,2.87,0,1,7.98,4.63,128,265,41.2,54.3,31.1,10.8,0.29,89,27.6,311,10.8,3.3,0.5,4.34,2.48,0.86,0.26,0.04,54,17,14,31.7,10	1
DVT_255	2,72,11.4,0.95,31.6,15.9,3.15,1.13,5.4,0,1,7.47,4.11,111,190,35.5,62.8,29.5,11.3,0.22,86.4,27,313,6.7,0.5,0.5,4.69,2.2,0.5,0.04,0.04,41,13,13.2,35.1,16	1
DVT_2581	1,50,12.4,1.03,28.1,17.3,4.64,2.54,10,2,1,4.46,3.26,101,268,29.9,66.2,23.5,9.5,0.25,91.7,31,338,7.4,2.5,0.4,2.95,1.05,0.33,0.11,0.02,44,13,9.3,19.5,21	1
DVT_268	1,72,11.1,0.93,25.7,16,3.98,3.26,11.7,0,1,6.83,3.96,120,180,37.2,62.3,25.3,11.7,0.21,93.9,30.3,323,7.9,3.8,0.7,4.25,1.73,0.54,0.26,0.05,45,13,13.7,38.6,12	1
DVT_269	2,77,11.9,0.99,31.1,16.1,4.34,1.86,6.9,1,1,4.9,2.82,92,129,27.8,69.2,17.8,12.1,0.16,98.6,32.6,331,11.4,1,0.6,3.39,0.87,0.56,0.05,0.03,47,13,16.5,43.3,13	0
DVT_270	2,45,10.4,0.87,28.2,15.6,2.81,0.5,3.6,0,1,7.83,4.01,129,171,38.7,63,27.2,11.4,0.19,96.5,32.2,333,8,1.5,0.3,4.93,2.13,0.63,0.12,0.02,45,13,13.7,35.4,11	1
DVT_275	2,81,12,1,31.4,16.1,3.58,2.23,9.35,2,1,7.1,3.92,129,145,37.9,84.4,10,10.4,0.15,96.7,32.9,340,5.5,0,0.1,5.99,0.71,0.39,0,0.01,43,12,12.4,27.9,15	1
DVT_277	1,34,14.1,1.17,32,15.9,2.67,5.37,18.37,3,1,7.07,3.38,99,139,29,78.51,12.92,10.4,0.14,85.8,29.3,341,8.5,0,0.1,5.5,0.91,0.6,0,0.01,40,13,11.6,27.1,9	1
DVT_282	2,76,11.9,0.99,34.9,16.4,2.89,13.67,43.01,0,1,3.28,3.37,102,197,30.6,77.71,15.92,12,0.24,90.8,30.3,333,6.4,0,0,2.55,0.52,0.21,0,0,48,15,14.8,39.9,12	1
DVT_283	2,73,12.1,1.01,35.6,17.6,2.14,5.56,17.6,2,1,6.6,3.63,115,174,34.4,76.61,14.42,10.3,0.18,94.8,31.7,334,8,0.8,0.2,5.06,0.95,0.53,0.05,0.01,44,13,11.8,26.9,9	0
DVT_286	1,50,10.6,0.89,28.3,17.1,2.16,0.19,2.5,1,0,12.38,4.44,135,236,41.6,85.21,7.82,9.3,0.22,93.7,30.4,325,6.5,0.3,0.2,10.55,0.97,0.8,0.04,0.02,43,13,10.7,19.2,7	1
DVT_288	2,55,11.7,0.98,26.2,16.1,2.45,0.31,2.5,3,1,5.64,3.63,110,146,32.8,79.5,10.3,11.3,0.16,90.4,30.3,335,9.8,0.2,0.2,4.49,0.58,0.55,0.01,0.01,39,12,14.3,36,4	0
DVT_293	2,61,11.5,0.96,27.4,16.5,2.54,0.92,4.7,2,1,5.78,4.13,124,8,38.3,68.5,19.4,11,0.23,92.7,30,324,9,2.6,0.5,3.96,1.12,0.52,0.15,0.03,43,13,12.9,32.8,13	1
DVT_301	1,82,13,1.08,34.2,16.1,2.67,2.19,8.8,2,1,7.15,3.8,91,132,31.7,71.5,14.7,11.5,0.15,83.4,23.9,287,13.3,0.4,0.1,5.11,1.05,0.95,0.03,0.01,49,16,14.9,38.6,15	1
DVT_302	2,54,11.3,0.94,28.6,14.8,3.84,0.71,4.9,0,1,8.18,4.33,125,232,37.6,67.8,23.1,10.1,0.23,86.8,28.9,332,8.2,0.5,0.4,5.55,1.89,0.67,0.04,0.03,38,12,11.2,25.4,9	1
DVT_308	1,29,13.2,1.1,29.5,16.9,5.72,2.72,9.2,1,1,10.58,3.5,105,415,31.7,72.2,19.4,10.3,0.43,90.6,30,331,6.6,0.9,0.9,7.65,2.05,0.7,0.09,0.09,42,13,11.5,27.6,24	1
DVT_31	2,70,14,1.16,33.3,16.9,3.38,1.41,8,1,1,6.74,2.09,85,83,24.9,86.1,9.6,10.3,0.9,119.1,40.7,341,4.2,0.1,0.1,5.8,0.65,0.28,0.01,0.01,69,16,9.6,26.2,12	1
DVT_310	1,34,11.3,0.94,31.8,16.1,2.4,0.87,4.9,1,1,6.83,4.46,141,145,41.8,64.2,27.4,11.9,0.17,93.7,31.6,337,7.3,0.7,0.4,4.38,1.87,0.5,0.05,0.03,46,13,14.5,40.1,7	1
DVT_318	2,73,11.5,0.96,30.8,17.9,2.09,0.39,2.7,0,1,6.37,4.14,116,211,35.1,58.2,30.6,12.4,0.26,84.8,28,330,8.8,1.9,0.5,3.71,1.95,0.06,0.12,0.03,41,13,16.2,44.4,10	0
DVT_32	1,50,12,1,30.3,16.3,2.31,3.07,11.5,0,1,9.08,4.81,136,145,42,78,13,13.5,0.2,87.3,28.3,324,7.6,0.8,0.4,7.1,1.18,0.69,0.07,0.04,39,12,17.8,53.5,13	1
DVT_328	2,76,11.9,0.99,28.5,15.9,3.4,0.5,4.1,2,1,8.91,4.34,124,224,39.3,68.4,23.7,11.3,0.25,90.6,28.6,316,6.6,0.9,0.4,6.09,2.11,0.59,0.08,0.04,41,13,14.2,35.7,16	0
DVT_33	1,50,11.1,0.93,25.4,15.7,3.38,0.37,2.5,2,1,5.38,4.14,137,111,40.9,57.4,31.4,11.7,0.13,98.8,33.1,335,10,0.6,0.6,3.09,1.69,0.54,0.03,0.03,43,12,15.6,39,9	1
DVT_330	1,89,12.7,1.06,34.6,17.6,2.74,14.42,59.8,0,1,6.92,4.55,131,143,40,70.8,20.8,10.3,0.15,87.9,28.8,328,5.8,2.2,0.4,4.9,1.44,0.4,0.15,0.03,46,14,10.8,27.6,12	0
DVT_337	2,74,11.4,0.95,22.7,17,3.91,3.96,16.4,1,1,4.27,3.41,112,223,32.9,70.1,17.1,10.1,0.22,96.5,32.8,340,12.4,0.2,0.2,2.99,0.72,0.53,0.01,0.01,48,13,10.6,24.1,13	1
DVT_340	2,70,12.1,1.01,28.9,16.8,3.4,4.76,19.1,1,1,6.01,3.45,116,215,32.7,72.8,16.6,10.4,0.22,94.8,33.6,355,10,0.3,0.3,4.37,1,0.6,0.02,0.02,40,12,11.5,27.8,12	1
DVT_345	2,82,11.8,0.98,20,17.2,3.06,15.78,83.6,0,1,8.12,3.87,128,172,37.9,91.8,4.8,11,0.19,97.9,33.1,338,3.2,0.1,0.1,7.45,0.39,0.26,0.01,0.01,16,13,12.8,32.8,10	0
DVT_351	2,83,12.9,1.07,32.2,17.2,4.94,2.56,8.8,2,1,8.38,2.45,86,153,24.5,84.1,9.4,11.5,0.18,100,35.1,351,6.2,0.1,0.2,7.04,0.79,0.52,0.01,0.02,51,14,13.5,37.8,17	1
DVT_356	2,78,11.9,0.99,28.8,18.1,3.58,2.31,7.5,2,1,11.15,4.02,121,192,36.8,67.6,25.3,11.3,0.22,91.5,30.1,329,6.5,0.3,0.3,7.54,2.82,0.73,0.03,0.03,41,12,13.3,35.3,15	1
DVT_357	1,98,13.5,1.12,39,16.8,6.22,2.11,7.9,0,1,5.7,3.29,105,253,30.7,69.8,17.4,10.2,0.26,93.3,31.9,342,9.8,2.6,0.4,3.98,0.99,0.56,0.15,0.02,45,13,10.6,26.6,10	0
DVT_358	2,81,11.08,0.9,26.48,16.6,1.49,0.06,2.3,0,1,5.24,3.75,132,199,38.1,75.2,15,8.8,0.176,101.6,35.2,347,7.6,1.8,0.4,3.94,0.79,0.4,0.09,0.02,42,11,15.9,17.5,15	1
DVT_360	1,61,11.18,0.9,26.12,15.7,2.93,0.19,0.1,1,1,7.85,4.53,146,205,44.6,75.8,15.4,11.3,0.231,98.4,32.2,327,6.2,2,0.6,5.94,1.21,0.49,0.16,0.05,47,13,16.1,33.8,7	0
DVT_363	1,71,11.5,0.96,24.9,16.2,4.94,3.1,10.4,0,1,6.95,3.92,120,244,35.8,66.4,22,10.5,0.26,91.3,30.6,335,7.9,3,0.7,4.61,1.53,0.55,0.21,0.05,43,13,12.2,28.5,10	0
DVT_37	1,38,10.6,0.89,27,15.9,2.49,0.19,2.5,1,1,14.15,5.03,159,170,49.1,67.1,20.5,12.8,0.22,97.6,31.6,324,10,1.9,0.5,9.49,2.9,1.42,0.27,0.07,48,13,18.1,45.5,7	1
DVT_371	2,65,11.18,0.9,23.84,15.5,2.08,8.5,25.8,3,1,8.59,2.89,96,205,28.9,69.2,23.3,11,0.22,100,33.2,332,6.8,0.5,0.2,5.95,2,0.58,0.04,0.02,46,13,12.5,33.5,9	0
DVT_374	1,61,13.2,1.1,35.6,19.3,1.77,0.27,1.8,2,1,7.58,3.21,107,279,30.5,48.2,27.4,9.7,0.27,95,33.3,351,7.8,15.8,0.8,3.65,2.08,0.59,1.2,0.06,54,16,10,21.7,15	1
DVT_376	1,63,11.7,0.98,22.7,16.4,4.82,4.37,15.3,3,1,5.15,3.81,115,243,33.6,62.5,28.2,9.7,0.23,88.2,30.2,342,8.7,0.6,0,3.22,1.45,0.45,0.03,0,46,12,10.2,21.9,18	1
DVT_377	2,60,11.1,0.93,23.8,16.6,3.58,0.68,3.01,0,1,6.81,3.99,122,259,36,62,24.4,11.4,0.3,90.2,30.6,339,12.8,0.7,0.1,4.22,1.66,0.87,0.05,0.01,42,13,13.4,36.3,3	1
DVT_38	1,59,15,1.24,45.2,19.7,1.77,0.87,4.9,2,1,4.77,3.66,109,61,34,86.9,5,13.1,0.08,92.9,29.8,321,7.5,0.2,0.4,4.14,0.24,0.36,0.01,0.02,45,13,19,49.3,13	1
DVT_380	2,60,11.75,1,29.76,13.9,3.44,2.89,9.9,0,1,5.96,3.6,111,320,32.2,84.8,9,7.6,0.242,89.4,30.9,346,5.3,0.4,0.5,5.05,0.54,0.32,0.02,0.03,43,13,15.8,11.3,15	1
DVT_386	1,39,11.3,0.94,25.4,16.9,3.2,0.55,5,0,1,6.14,4.95,159,209,42.4,44.3,39.6,9.5,0.2,85.7,32.1,375,6.8,8.5,0.8,2.72,2.43,0.42,0.52,0.05,37,12,10,20.9,2	1
DVT_392	2,71,13,1.08,34,17.9,2.6,1.42,5.9,0,1,5.07,3.08,96,142,28.1,76.4,19.3,12.7,0.18,91.2,31.2,342,4.3,0,0,3.87,0.98,0.22,0,0,59,18,15.8,44,7	1
DVT_394	2,75,11.5,0.96,24.1,17.9,3.25,1.75,6.48,3,1,6.22,3.25,115,204,32.8,74.5,17.8,10.7,0.22,100.9,35.4,351,7.1,0.3,0.3,4.63,1.11,0.44,0.02,0.02,53,15,11.6,29.6,6	0
DVT_400	1,36,11.7,0.98,26.7,16.3,3.3,4.86,18,0,1,11.46,4.42,149,161,41.9,80.1,12.1,12.2,0.2,94.8,33.7,356,7.7,0,0.1,9.18,1.39,0.88,0,0.01,44,12,15.7,43.7,8	1
DVT_401	2,70,15.5,1.29,44.7,21.6,1.24,7.15,37.7,2,1,4.94,4.03,130,36,37.7,76.3,15.4,11.6,0.04,93.5,32.3,345,7.5,0.2,0.6,3.77,0.76,0.37,0.01,0.03,44,13,14.6,40.6,9	1
DVT_412	2,75,11.5,0.96,24,16.2,3.64,1.91,7.2,3,1,4.69,3.19,105,254,31.6,52.3,32,11.7,0.3,99.1,32.9,332,13,2.3,0.4,2.45,1.5,0.61,0.11,0.02,46,13,14.3,39.8,13	0
DVT_415	2,82,14.15,1.2,35.58,15.6,5.45,1.16,4.7,3,1,11.36,2.93,97,211,28.8,77,16.6,9.7,0.205,98.3,33.2,338,6.3,0,0.1,8.74,1.89,0.72,0,0.01,45,13,16.2,22.7,11	1
DVT_417	2,62,11,0.92,25.1,16.9,3.84,2.22,8.2,1,1,5.43,4.17,133,247,38.3,67.9,22.7,11.6,0.29,91.8,31.9,347,7.9,1.3,0.2,3.69,1.23,0.43,0.07,0.01,39,11,15,38.4,9	1
DVT_418	2,68,12.3,1.02,331.1,16,4.14,3.37,13.1,2,1,7.32,3.7,113,300,34.9,71.6,21.6,11,0.33,94.3,30.5,324,5.5,1.2,0.1,5.24,1.58,0.4,0.09,0.01,44,13,12.9,33.4,12	1
DVT_421	1,60,12,1,27.3,7.6,2.23,12.59,78,2,1,9.67,4.98,151,147,43.8,74.9,13.2,11.3,0.17,88,30.3,345,10.8,0.5,0.6,7.24,1.28,1.04,0.05,0.06,46,14,13.2,35.9,11	0
DVT_426	2,47,11.1,0.93,29.4,17.4,3.15,0.23,0.3,0,1,13.59,4.2,139,212,42.1,92.6,4.9,12.1,0.26,100.2,33.1,330,2.4,0,0.1,12.58,0.67,0.32,0,0.02,49,13,15.8,43.5,8	1
DVT_427	1,62,13.6,1.13,38.3,17.3,3.84,22.23,116,1,1,9.76,3.68,122,154,35.8,84.2,9.5,11.8,0.18,97.3,33.2,341,5.4,0.5,0.4,8.21,0.93,0.53,0.05,0.04,49,14,15.6,39.2,9	0
DVT_428	2,69,11.6,0.97,24.7,17.5,3.06,23.38,116.43,3,1,15.67,4.08,130,144,35.5,89.8,3.1,10.1,0.15,87,31.9,366,7,0,0.1,14.06,0.49,1.1,0,0.02,42,13,10.9,26.4,12	0
DVT_435	2,84,12.6,1.05,29.7,19.3,2.23,2.27,8.9,2,1,5.46,3.35,112,124,33,85.9,9.9,12,0.15,98.5,33.4,339,3.8,0.4,0,4.69,0.54,0.21,0.02,0,46,13,16.3,40.5,10	1
DVT_450	2,75,13.3,1.11,40.6,16.4,4.14,0.68,4.7,3,1,7.89,3.72,112,225,32.4,65.1,24.5,11,0.25,87.1,30.1,346,9.4,0.4,0.6,5.14,1.93,0.74,0.03,0.05,43,14,12.9,32.9,10	1
DVT_451	2,77,11.7,0.98,30.3,16.8,3.77,0.62,4.1,0,1,5.92,3.59,120,235,35.1,64.3,26.2,12.6,0.3,97.8,33.4,342,7.8,1.5,0.2,3.81,1.55,0.46,0.09,0.01,44,12,16.8,46.8,8	0
DVT_452	1,81,12.14,1,33.85,14.3,3.8,1.59,5.5,1,1,9.07,3.12,112,115,32.2,83,6.3,9.2,0.106,103.2,35.8,347,4.7,5.7,0.3,7.53,0.57,0.42,0.52,0.03,42,11,16.7,20.2,10	1
DVT_454	2,82,12.4,1.03,28.3,17,3.01,2.66,9.6,1,1,8.07,3.88,122,160,35.8,67.5,18.8,11.5,0.18,92.3,31.4,341,12,1.5,0.2,5.44,1.52,0.97,0.12,0.02,42,13,13.9,36.1,6	0
DVT_455	2,88,12.14,1,22.93,19.8,2.1,5.48,14.7,2,1,8.89,3.7,117,181,33.7,76.8,13.9,11.1,0.2,91.1,31.6,347,7,2,0.3,6.89,1.25,0.63,0.18,0.03,41,12,13.2,34,10	1
DVT_458	2,44,12.2,1.02,32.3,17.3,2.54,1.57,7.7,1,1,7.83,3.39,108,209,31,74,18.3,11.1,0.23,91.4,31.9,348,6.5,0.5,0.3,5.83,1.43,0.51,0.04,0.02,40,12,13.7,34.3,8	1
DVT_46	1,52,11.9,0.99,27.5,14.9,3.27,1.8,10.3,2,1,7.2,4.86,148,154,45.4,70.7,19.7,11.1,0.17,93.4,30.5,326,7.2,1.8,0.6,5.09,1.42,0.52,0.13,0.04,42,12,13.5,33,13	1
DVT_460	1,49,13,1.1,26.66,16.3,1.85,10.47,32.1,1,1,8.57,4.58,144,244,41.9,67.6,21.6,9.8,0.24,91.5,31.4,344,9.3,1.3,0.2,5.79,1.85,0.8,0.11,0.02,45,14,11.1,23.7,6	1
DVT_470	1,66,14.06,1.2,26.57,15.8,1.72,35.64,119.7,2,1,6.47,3.6,117,91,33.3,82,12.2,11.5,0.1,92.5,32.5,351,5.4,0.2,0.2,5.31,0.79,0.35,0.01,0.01,45,13,13.3,35,12	1
DVT_472	1,61,12.9,1.1,24.48,17.3,2.2,42.75,122.1,1,1,11.69,2.92,103,265,30.3,90.3,4.9,9.1,0.243,104,35.2,339,4.7,0,0.1,10.56,0.57,0.55,0,0.01,41,11,16.1,20.6,11	1
DVT_475	2,82,12.2,1.02,31.7,16.9,3.3,9.34,47.7,2,1,9.89,4.15,128,120,36.5,83.7,9.6,11.2,0.13,88,30.8,351,6.5,0,0.2,8.28,0.95,0.64,0,0.02,45,14,13.9,35.3,10	1
DVT_476	2,73,11.6,0.97,29.2,16.8,3.84,5.95,25.3,1,1,9.97,3.84,122,171,34.5,76.9,14.7,13.3,0.23,89.8,31.8,354,8.1,0.1,0.2,7.66,1.47,0.81,0.01,0.02,38,12,19.2,53.2,11	1
DVT_482	2,72,12,1,33.6,16.6,2.85,0.39,2.9,0,1,7.89,4.05,125,187,37,72.5,21.7,12.1,0.23,91.4,30.9,338,5.2,0.3,0.3,5.73,1.71,0.41,0.02,0.02,43,13,14.5,41.6,7	0
DVT_488	2,53,12.9,1.07,26.4,15.8,3.77,6.51,33.9,2,1,6.84,3.47,118,188,34.1,84.9,8.6,11.3,0.21,98.3,34,346,6,0.4,0.1,5.8,0.59,0.41,0.03,0.01,45,13,13.4,34.2,10	0
DVT_490	2,84,13.8,1.08,26.7,16.1,3.25,1.11,3.9,0,1,5.21,3.21,108,134,32.8,81.2,9.6,9.2,0.123,102,33.8,331,7.2,1.7,0.3,4.24,0.5,0.37,0.09,0.01,45,12,16.2,19.6,11	1
DVT_492	2,80,11.7,0.98,32.2,15.7,4.58,1.65,8,2,1,12.06,3.86,125,242,36.3,80.4,9,9.6,0.23,94,32.4,344,9.5,0.9,0.2,9.69,1.08,1.15,0.11,0.03,42,12,9.7,20.1,10	0
DVT_493	2,86,13.4,1.12,37.4,16.6,4.48,16.83,95.5,0,1,11.43,4.01,126,191,37.3,91,4.1,10.8,0.21,93,31.4,338,4.7,0,0.2,10.4,0.47,0.54,0,0.02,42,12,12.9,32.1,10	1
DVT_498	2,68,11.9,0.99,23.9,16.4,3.52,3.37,13.5,3,1,10.57,4.39,143,179,41,82.5,9.5,9.4,0.17,93.4,32.6,349,7.9,0,0.1,8.72,1,0.84,0,0.01,44,13,9.9,19.4,11	1
DVT_50	1,84,12.3,1.03,22.8,17.2,3.24,2.53,9.4,2,1,10.82,3.75,133,166,18.9,74.7,16,11.8,0.2,103.7,35.5,342,8.9,0.1,0.3,8.09,1.73,0.96,0.01,0.03,44,12,14,38.2,8	1
DVT_500	1,70,11.27,0.9,26.84,15.9,2.16,16.87,57.7,2,1,16.86,4.36,157,233,45.7,91.6,3.9,10.3,0.24,105,36.1,343,4.2,0.1,0.2,15.46,0.65,0.7,0.02,0.03,49,13,16.1,27.8,9	0
DVT_501	2,64,11.9,0.99,28.1,17.9,2.64,11.77,63.4,0,1,7.2,2.47,81,135,24.2,80.7,12.1,13.1,0.18,98,32.8,335,7.2,0,0,5.81,0.87,0.52,0,0,46,13,17.1,51.3,9	0
DVT_508	2,75,13.58,1.1,32.76,17.2,4.71,14.21,41,0,1,7.38,3.25,103,252,31,80.1,10.1,9,0.227,95.2,31.7,333,7.5,1.8,0.5,5.92,0.75,0.55,0.13,0.03,46,14,15.9,17.3,17	1
DVT_511	1,87,11.5,0.96,27.5,15.9,4.69,6.05,25.3,2,1,9.08,4.5,155,179,43.9,81.6,5.8,10.2,0.18,97.6,34.4,353,10.9,1.4,0.3,7.4,0.53,0.99,0.13,0.03,42,12,11.7,26.6,13	1
DVT_515	2,83,11.4,0.95,27.2,17.3,3.25,11.33,67.8,1,1,9.33,3.68,119,270,34.6,85.1,8.9,11,0.3,94,32.3,344,4.9,0.8,0.3,7.94,0.83,0.46,0.07,0.03,48,14,12.5,33.3,10	0
DVT_517	2,73,10.6,0.88,23.2,17.9,3.01,0.72,4.2,0,1,10.31,4.24,147,245,40.7,74.1,16.4,10.3,0.25,96,34.7,361,8.7,0.6,0.2,7.64,1.69,0.9,0.06,0.02,43,12,12.2,27.5,8	1
DVT_518	2,72,12.7,1.06,38.6,15.7,5.36,1.6,7.5,0,1,3.73,2.95,93,168,28.2,76.7,12.3,9.5,0.16,95.6,31.5,330,8.3,2.4,0.3,2.86,0.46,0.31,0.09,0.01,46,13,10,20.2,6	1
DVT_519	1,62,11.85,1,29.03,15.8,1.79,24.08,97.9,2,1,7.6,4.26,126,95,37.5,82.2,12,9.4,0.089,88.2,29.5,334,4.7,0.8,0.3,6.26,0.91,0.35,0.06,0.02,47,15,16.5,21.9,9	0
DVT_520	1,40,11.1,0.93,31.6,16.1,3.2,0.23,1.3,2,1,9.45,5.21,167,279,46.8,77.1,15.8,10.1,0.28,89.8,32.1,357,4.6,2.1,0.4,7.29,1.49,0.43,0.2,0.04,40,12,11.5,26,8	1
DVT_523	1,90,12,1,32.4,17.8,2.89,3.01,9.7,0,1,11.83,4.56,142,230,42.1,86.4,7.7,11.1,0.25,92.3,31.1,337,5.5,0.3,0.1,10.22,0.91,0.65,0.04,0.01,48,14,12.7,33.1,15	1
DVT_525	1,63,13.48,1.1,29.85,15.3,2.58,7.66,21.4,1,1,7.72,3.18,103,99,30.5,75.9,14.6,11.2,0.111,96,32.4,338,8.7,0.6,0.2,5.86,1.13,0.67,0.05,0.01,43,12,16.3,32.9,11	1
DVT_526	1,86,15.21,1.3,34.03,15.1,3.14,6.3,19,0,1,8.71,4.26,145,122,41.8,75.6,18.8,10.2,0.125,98.1,34.1,348,3.5,1.9,0.2,6.57,1.64,0.31,0.17,0.02,45,13,16.3,26,12	0
DVT_53	2,82,10.7,0.89,28.6,16.9,2.34,0.43,3.1,0,1,7.5,3.37,105,176,31.2,72.5,19.7,10.3,0.18,92.6,31.2,337,6.1,1.2,0.5,5.43,1.48,0.46,0.09,0.04,42,12,11.7,27.4,13	1
DVT_537	2,60,12,1,29.5,16.2,3.7,0.58,4.1,2,1,6.22,3.41,106,200,31.1,65.1,24.9,12.1,0.24,91.2,31.1,341,8.4,1.3,0.3,4.05,1.55,0.52,0.08,0.02,43,13,14.8,41.5,7	1
DVT_54	2,73,12.1,1.01,26.4,17,3.29,3.76,14.9,2,1,7.78,3.88,124,118,37.6,78.5,14.4,13.4,0.16,96.9,32,330,4.7,0,0.4,6.11,1.12,0.52,0,0.03,43,12,20.1,50.8,14	1
DVT_545	2,69,11.1,0.93,30.5,16.4,4.69,1.03,6,2,1,5.79,3.77,116,228,34.4,69.9,18.7,10,0.23,91.2,30.8,337,8.1,2.6,0.7,4.05,1.08,0.47,0.15,0.04,41,12,11.4,24.5,7	1
DVT_548	2,88,13.4,1.12,36.8,19.2,3.64,12.3,74.9,3,1,9.86,3.52,97,106,29.5,65.8,24.6,12.5,0.13,83.8,27.6,329,9,0.2,0.4,6.48,2.43,0.89,0.02,0.04,37,12,17.3,44.5,10	1
DVT_549	1,81,12.4,1.03,29.5,17.9,2.45,7.95,36.6,2,1,7.12,3.87,130,149,36.5,72.8,15.9,10.2,0.15,94.3,33.6,356,8.1,2.8,0.4,5.18,1.13,0.58,0.2,0.03,42,12,11.4,26.6,10	0
DVT_553	2,87,12.1,1.1,35.5,15.8,4.22,0.33,2.9,0,1,9.07,4.33,129,140,38.7,87.9,5.6,11.5,0.16,89.4,29.8,333,5.3,0.9,0.3,7.97,0.51,0.48,0.08,0.03,43,13,14.7,36.4,11	1
DVT_555	1,67,13.5,1.12,33.6,16.6,3.15,3.14,12.9,3,1,8.54,3.53,110,76,33,83.51,9.12,12.1,0.09,93.5,31.2,333,7.1,0.2,0.1,7.12,0.78,0.61,0.02,0.01,50,15,13.8,40.6,11	1
DVT_558	2,62,11.8,0.98,31.2,17.1,2.57,5.81,27,1,1,9.43,4.18,132,181,38.4,72.3,20.8,11.3,0.21,91.9,31.6,344,6.4,0.3,0.2,6.82,1.96,0.6,0.03,0.02,44,13,13.5,36.6,5	0
DVT_559	1,90,14,1.16,28.5,16.3,4.14,0.49,3.8,3,1,10.29,2.86,93,142,27.3,82.6,9.8,12.5,0.18,95.5,32.5,341,5.3,2,0.3,8.49,1.01,0.55,0.21,0.03,41,12,16.5,44.3,11	1
DVT_563	2,65,11.3,0.94,28,17,2.78,6.92,27.8,2,1,10.23,3.08,107,256,30.6,78.6,15.8,10.7,0.27,99.4,34.7,350,5.5,0,0.1,8.04,1.62,0.56,0,0.01,46,13,11.8,29.8,9	0
DVT_564	1,32,10.1,0.84,26.5,17.7,2.1,4.04,19.1,1,1,9,4.65,158,221,44.1,70.9,19.6,11.1,0.25,94.8,34,358,9.3,0.1,0.1,6.38,1.76,0.84,0.01,0.01,42,12,13.3,33.5,4	1
DVT_565	1,41,12.62,1.1,29.3,13.3,4,1.48,7,0,1,7.44,3.75,132,121,37,74.8,17,11.1,0.133,98.7,35,355,7.3,0.7,0.2,5.56,1.27,0.55,0.05,0.01,42,12,16.2,32.4,12	1
DVT_566	2,78,12.2,1.02,29.4,18.5,2.51,4.26,16.8,2,1,5.98,3.41,116,155,33.6,75.2,17.4,8.8,0.14,98.5,34,345,6.9,0.2,0.3,4.5,1.04,0.41,0.01,0.02,45,12,7.8,14.5,12	0
DVT_570	2,81,12,1,26.5,18.7,3.15,9.57,40.8,2,1,6.89,1.85,66,138,19.6,78.2,15.2,8.9,0.12,105.9,35.7,337,6.5,0,0.1,5.38,1.05,0.45,0,0.01,50,13,8.1,15.1,10	0
DVT_572	1,50,12.6,1.05,32.8,14.2,7.38,6.48,27.5,2,1,10.86,3.77,121,599,35.5,85.7,6.9,8.4,0.5,94.2,32.1,341,5.9,1.2,0.3,9.31,0.75,0.64,0.13,0.03,46,14,8.1,11.8,19	1
DVT_573	2,73,11.5,0.96,21.8,15.5,5.07,3.11,12.5,1,1,7.89,2.4,83,239,25,80.4,12.7,9.6,0.23,104.2,34.6,332,6.7,0.1,0.1,6.34,1,0.53,0.01,0.01,48,13,9.5,20.6,12	1
DVT_574	1,71,13.5,1.12,27.7,17.1,3.64,0.46,3.5,1,1,6.21,3.58,122,152,35.3,73,18.5,9.9,0.15,98.6,34.1,346,6.9,1.4,0.2,4.53,1.15,0.43,0.09,0.01,52,14,11,24.1,7	0
DVT_576	1,27,11.6,0.97,28.9,14.9,5.36,0.82,4.3,1,1,5.74,3.91,124,164,35.3,68,19.3,14.6,0.24,90.3,31.7,351,10.8,1.4,0.5,3.9,1.11,0.62,0.08,0.03,41,13,22.5,59.7,5	1
DVT_578	1,89,12.2,1.02,25.6,18.2,2.64,7.82,36.7,1,1,10.21,3.2,114,71,33.2,84.7,5.2,12.7,0.09,103.8,35.6,343,4.2,5.6,0.3,8.65,0.53,0.43,0.57,0.03,53,14,18.4,45.4,10	1
DVT_581	1,86,12.7,1.06,29,24.3,1.97,2.94,11.2,2,1,9.59,4.76,148,122,43,79,11.8,11.5,0.14,90.3,31.1,344,7.3,1.6,0.3,7.58,1.13,0.7,0.15,0.03,40,12,12.7,36.3,12	0
DVT_583	1,86,11.6,0.97,34.9,16.2,3.64,2.2,9.8,1,1,11.21,3.28,108,189,30.5,86.1,5.9,10.9,0.21,93,32.9,354,7.8,0,0.2,9.66,0.66,0.87,0,0.02,43,13,12.2,32.2,10	0
DVT_586	2,66,13.8,1.15,39.6,17,4.22,3.97,19.7,0,1,6.9,2.96,96,119,27.9,77.4,11.6,11.5,0.14,94.3,32.4,344,7.2,3.5,0.3,5.34,0.8,0.5,0.24,0.02,45,13,13.9,37.4,9	1
DVT_588	2,86,11.7,0.98,32.7,16.9,2.89,6.73,26.3,2,1,8.26,3.24,106,237,31.6,83,9,9.2,0.22,97.5,32.7,335,7.3,0.2,0.5,6.86,0.74,0.6,0.02,0.04,49,14,9,17.7,10	1
DVT_589	1,63,12.7,1.06,33,18.3,1.88,2.07,7.4,3,1,7.4,4.7,146,144,44.1,71.6,18.4,11.4,0.16,93.8,31.1,331,9.6,0.3,0.1,5.3,1.36,0.71,0.02,0.01,44,13,13.5,35.8,9	1
DVT_593	1,85,14.15,1.2,31.58,18.2,3.28,158.46,471.7,2,1,10.85,3.77,114,159,33.9,76.01,15.22,10.9,0.17,89.9,30.2,336,8.1,0.6,0.1,8.25,1.65,0.88,0.06,0.01,44,13,14.3,34.3,10	0
DVT_596	2,56,11.94,1,22.66,18.7,2.2,2.54,9.8,2,1,4.8,4.08,131,271,39,70.3,22.4,8.9,0.24,95.6,32.2,337,4.9,1.9,0.5,3.38,1.07,0.24,0.09,0.02,45,13,15.6,16.8,6	1
DVT_597	2,81,12.62,1.1,30.58,15.5,2.48,20.42,91.8,2,1,8.2,3.65,113,153,34.4,86.1,8.4,10.7,0.17,94.2,31,328,5.2,0.2,0.1,7.05,0.69,0.43,0.02,0.01,48,14,11.2,29.3,10	1
DVT_598	2,75,12.4,1.03,34.3,19.4,2.81,0.25,1.9,0,0,9.87,3.41,109,97,32.7,76.1,14.4,11.8,0.11,95.9,32,333,9.1,0.2,0.2,7.51,1.42,0.9,0.02,0.02,50,14,14.2,38.9,8	0
DVT_603	2,55,12.42,1,25.39,14.8,1.95,13.46,50.4,0,1,9.81,3.5,106,187,31.1,77.5,12.2,10.8,0.2,88.9,30.3,341,9.7,0.3,0.3,7.6,1.2,0.95,0.03,0.03,43,13,12.9,31,6	0
DVT_605	1,77,12.7,1.06,36.7,17.8,2.85,0.24,1.9,0,1,7.01,4.04,132,188,38.5,71.4,18.1,12.7,0.24,95.3,32.7,343,6.7,3.7,0.1,5,1.27,0.47,0.26,0.01,47,13,16.4,44.6,4	1
DVT_607	2,80,12.3,1.02,27.8,17.4,4.58,4.63,19.5,0,1,8.32,3.98,127,448,38.1,62.1,25.7,9.5,0.42,95.7,31.9,333,8.9,2.2,1.1,5.17,2.14,0.74,0.18,0.09,49,14,10.1,20.3,10	1
DVT_608	2,69,12.7,1.06,30.2,16.8,4.54,0.46,4.2,0,1,6.67,3.75,122,112,34.8,86.6,8.2,10.7,0.12,92.8,32.5,351,5.2,0,0,5.77,0.55,0.35,0,0,41,12,12.2,31.1,7	0
DVT_610	2,72,12.1,1.01,38.7,17.4,3.7,3.04,11.5,0,1,5.23,2.92,100,267,29.4,61.9,25.6,10.5,0.28,100.7,34.2,340,8.8,3.3,0.4,3.24,1.34,0.46,0.17,0.02,48,13,11.2,27.2,9	1
DVT_613	2,60,11.8,0.98,27,16.8,3.84,3,11.5,2,1,8.4,3.63,120,177,34.7,73,18.7,12.6,0.22,95.6,33.1,346,7.9,0.2,0.2,6.13,1.57,0.66,0.02,0.02,41,12,17.4,45.9,8	1
DVT_621	1,75,12.2,1.02,30.9,15.7,5.07,1.08,7.3,2,1,7.36,4.29,139,131,39.8,82.1,10.2,10.1,0.13,92.8,32.4,349,5,2.4,0.3,6.04,0.75,0.37,0.18,0.02,40,12,11.9,26.1,12	1
DVT_626	2,61,13.5,1.12,37.4,16.4,4.74,0.59,3.9,1,1,8.53,5.07,147,166,43.9,82.2,10.2,11.9,0.2,866,29,335,7.4,0,0.2,7.01,0.87,0.63,0,0.02,42,13,15.6,41,9	0
DVT_627	2,71,11.7,0.98,26.1,16,4.18,1.42,6.8,2,1,7.84,3.88,121,135,36.4,68.8,18.8,12.1,0.16,93.8,31.2,332,9.4,2.6,0.4,5.4,1.47,0.74,0.2,0.03,47,14,15.7,40.2,11	1
DVT_629	2,46,11.8,0.98,24.2,17.7,2.44,3.62,14,3,1,9.22,3.76,123,256,35.2,59.8,31.8,9.8,0.25,93.6,32.7,349,7.6,0.3,0.5,5.51,2.93,0.7,0.03,0.05,42,12,10.7,23.6,8	0
DVT_631	2,52,12.1,1.01,26.3,16.7,3.03,3.08,11.2,3,1,6.63,2.45,85,155,23.8,57.9,34.7,10.3,0.16,97.1,34.7,357,5.7,1.2,0.5,3.84,2.3,0.38,0.08,0.03,48,14,10.9,25.6,10	1
DVT_632	2,84,12.4,1.03,30.3,18.1,3.67,8.69,41.9,1,1,10.69,4.16,136,180,39.4,76.4,16,12.6,0.23,94.7,32.7,345,7.3,0.1,0.2,8.17,1.71,0.78,0.01,0.02,46,13,16.7,47,15	1
DVT_639	1,67,11.6,0.97,26.9,15.9,4.02,3.05,10.4,0,1,8.82,4.37,133,225,38.1,68.3,20.1,11.6,0.26,87.2,30.4,349,9.9,0.9,0.8,6.03,1.77,0.87,0.08,0.07,40,13,15.3,39,5	1
DVT_640	2,75,12.8,1.07,33.3,17.2,4.64,3.19,12.4,1,1,4.19,3.56,113,189,34.1,51.4,35.5,10.6,0.2,95.8,31.7,331,10.5,2.6,0.2,2.15,1.48,0.44,0.11,0.01,44,13,11.3,28.2,10	1
DVT_643	2,83,14.9,1.16,31.7,16.5,3.87,19.41,111.2,2,1,9.51,4.18,122,194,36.9,80.2,13.7,10.3,0.2,88.3,29.3,331,5.7,0.1,0.3,7.63,1.3,0.54,0.01,0.03,42,13,16.3,28.6,10	1
DVT_644	2,92,13.1,1.09,32.6,20.6,2.32,22.93,126.7,1,1,13.31,3.05,96,180,29,86.4,9.2,10.1,0.18,95.1,31.5,331,4.1,0.1,0.2,11.5,1.23,0.55,0.01,0.02,41,12,11.4,25.2,10	0
DVT_646	2,84,14.1,1.1,23.7,13.8,8.67,4.29,16.3,1,1,10.83,2.47,96,198,28.4,84.6,9.8,11.6,0.23,115,38.7,337,5.4,0.1,0.1,9.15,1.06,0.59,0.02,0.01,56,13,16.7,37.3,10	0
DVT_650	2,85,13.1,1.09,29.7,16,5.67,2.09,9.4,1,1,6.62,3.86,122,183,35.6,75.9,14.5,11.5,0.21,92.2,31.6,343,7.7,1.7,0.2,5.03,0.96,0.51,0.11,0.01,42,13,13.6,36.5,10	1
DVT_653	2,53,12.3,1.02,29.9,16.6,2.82,6.2,26.7,1,1,6.74,3.48,111,151,32.6,80.1,12.2,10.2,0.15,93.7,31.9,340,7.6,0,0.1,5.4,0.82,0.51,0,0.01,39,12,11,25.2,8	1
DVT_654	2,70,12.5,1.04,31.9,19.2,2.57,4.18,15.8,3,1,11.47,2.67,94,252,27.3,67.3,24.4,10.7,0.27,102.2,35.2,344,7.7,0.3,0.3,7.73,2.8,0.88,0.03,0.03,53,14,11.8,30.4,14	0
DVT_656	1,35,11.6,0.97,28.3,16.8,2.38,3.77,16.3,1,1,6.03,4.59,149,186,43.7,71.3,19.4,10.4,0.19,95.2,32.5,341,8.8,0.3,0.2,4.3,1.17,0.53,0.02,0.01,42,12,11.9,28.4,6	1
DVT_657	1,53,11.3,0.94,30.4,17,3.22,1.96,8,0,1,7.32,4.22,134,265,39.9,61.8,24.3,11.8,0.31,94.5,31.8,336,9.2,4.2,0.5,4.52,1.78,0.67,0.31,0.04,43,13,15.5,40.2,15	1
DVT_660	2,31,12.9,1.01,20.4,15.1,2.69,0.59,1.9,0,1,6.36,3.91,126,196,37.3,67.4,27.2,12.1,0.236,95.3,32.1,337,4.2,1,0.2,4.29,1.73,0.27,0.06,0.01,42,12,16.3,40.9,4	0
DVT_663	1,55,11.5,0.96,31,17.2,3.54,1.56,6,0,1,5.58,4,138,512,41,65.3,24.7,8.8,0.45,102.5,34.5,337,7.5,1.8,0.7,3.64,1.38,0.42,0.1,0.04,50,13,8.7,15.4,7	1
DVT_664	2,48,11.6,0.97,30.9,17.7,2.74,0.87,3.3,1,1,8.04,4.41,135,139,39.4,71.4,20.5,13.6,0.19,89.3,30.6,343,7.6,0.4,0.1,5.74,1.65,0.61,0.03,0.01,41,13,21.1,53.2,8	0
DVT_665	2,82,12.6,1.05,33.9,16.2,4.64,1.14,5,0,1,9.76,2.76,98,164,27.4,78.3,13.2,12.5,0.21,99.3,35.5,358,8.2,0.1,0.2,7.64,1.29,0.8,0.01,0.02,45,12,15.7,44.1,10	1
DVT_667	1,54,11.7,0.98,29.4,17.9,2,3.69,15.7,0,1,5.8,4.12,135,170,38.5,70.5,18.4,10.7,0.18,93.4,32.8,351,10.2,0.7,0.2,4.09,1.07,0.59,0.04,0.01,42,12,11.8,31.1,4	1
DVT_67	1,71,15.3,1.27,32.2,19.9,1.58,6.74,18.9,3,1,5.79,2.63,95,122,27.6,58,24,12,0.15,104.9,36.1,344,15.2,1.6,1.2,3.36,1.39,0.88,0.09,0.07,55,15,14,41.1,12	1
DVT_671	1,56,12,1,29.7,16,3.87,1.95,6.6,3,1,5.5,4.88,158,104,42.7,66.2,21.5,11.5,0.12,87.5,32.4,370,9.3,2.5,0.5,3.64,1.18,0.51,0.14,0.03,39,12,14,37.1,10	1
DVT_672	2,83,12.3,1.02,28.2,19,2.35,8.66,34.6,0,1,7.16,2.96,103,135,29.7,82.8,10.9,12.2,0.16,100.3,34.8,347,5.7,0.3,0.3,5.93,0.78,0.41,0.02,0.02,44,12,15.8,43.4,10	0
DVT_673	1,38,11.5,0.96,32.2,15.6,4.85,0.93,4.8,1,1,6.79,3.42,119,197,34.5,72.5,19,10.6,0.21,100.9,34.8,345,7.4,0.7,0.4,4.92,1.29,0.5,0.05,0.03,42,11,12.7,29.9,8	1
DVT_674	1,56,11.9,0.99,32.8,16.2,3.37,0.68,2.5,1,1,7.91,5.21,167,240,45.9,73,18.7,10.9,0.26,88.1,32.1,364,6.8,1.1,0.4,5.77,1.48,0.54,0.09,0.03,37,12,13.6,32.7,2	1
DVT_677	1,41,11.6,0.97,26.8,15.6,4.64,0.86,3.2,1,1,9.83,4.65,141,301,43,57.5,33.2,9.6,0.29,92.5,30.3,328,7.6,0.3,1.4,57.5,3.26,0.75,0.14,0.03,43,13,10.3,21,6	0
DVT_678	2,76,11.7,0.98,28.9,16.8,3.17,4.28,17.7,3,1,9.54,3.18,118,162,34.6,83.1,12.6,11.5,0.19,108.8,37.1,341,4,0.2,0.1,7.93,1.2,0.38,0.02,0.01,91,24,13.2,36.9,15	0
DVT_681	2,80,12.6,1.05,27.9,15.9,4.54,3.29,15.1,0,1,7.37,3.71,110,216,33,77,13,9.6,0.21,88.9,29.6,333,9.2,0.3,0.5,5.67,0.96,0.68,0.02,0.04,39,12,10,21.5,12	0
DVT_682	2,61,11.4,0.95,28.4,15.7,4.96,1.9,7.5,2,1,5.99,4.22,134,146,39.1,70.3,23.9,13.9,0.2,92.7,31.8,343,5.3,0.3,0.2,4.21,1.43,0.32,0.02,0.01,48,14,21.1,55.5,14	0
DVT_683	1,65,14,1.09,26.8,15.6,2.49,1.99,6.3,1,1,9.65,5.06,150,202,43.4,74.8,19.2,9.9,0.201,85.7,29.7,346,5.1,0.6,0.3,7.21,1.85,0.5,0.06,0.03,41,13,16.2,24.8,11	0
DVT_684	2,53,12.2,1.02,30.1,16.1,4.64,2.52,10.3,1,1,4.98,3.2,101,173,30.7,66.1,24.7,11.5,0.2,95.9,31.6,329,8.2,0.6,0.4,3.29,1.23,0.41,0.03,0.02,44,12,13.2,37.3,8	1
DVT_688	1,47,13.3,1.04,24.2,14.7,2.6,4.21,13.8,1,1,9.08,3.76,132,203,36.7,73.6,14.6,10,0.2,97.6,35.1,360,10.7,0.8,0.3,6.68,1.33,0.97,0.07,0.03,41,12,10.9,24.9,8	0
DVT_694	2,85,12.1,1.01,26.7,18.5,3.22,1.08,4.3,2,1,6.05,3.89,125,195,36.8,52.8,34,10.6,0.21,94.6,32.1,340,10.1,2.8,0.3,3.19,2.06,0.61,0.17,0.02,43,12,11.8,29.4,10	1
DVT_695	1,70,13.7,1.14,36.3,16.5,4.44,1.97,8.4,3,1,10.33,4.66,155,265,41.8,75.6,11,9.5,0.25,89.7,33.3,371,13,0.1,0.3,7.81,1.14,1.34,0.01,0.03,37,12,10.1,21.9,11	1
DVT_70	2,67,11.7,0.98,27.4,16.8,2.4,0.58,5.1,2,1,3.59,3.74,122,178,35.6,68.8,21.2,9.9,0.18,95.2,32.6,343,7.2,2.5,0.3,2.47,0.76,0.26,0.09,0.01,44,13,10.5,23,12	1
DVT_704	2,50,11.4,0.95,28.6,17.2,4.18,1.27,4.5,2,1,4.5,3.84,124,182,35.3,60.6,28.4,11.6,0.21,91.9,32.3,351,9.3,1.3,0.4,2.72,1.28,0.42,0.06,0.02,37,11,13.8,38.1,10	1
DVT_705	1,44,14.1,1.1,24,16.7,1.99,10.92,55.1,0,1,7.82,3.08,109,114,30.4,72.8,16.4,10.7,0.12,98.7,35.4,359,10.4,0.1,0.3,5.7,1.28,0.81,0.01,0.02,47,13,12.2,31.7,17	1
DVT_708	2,81,13.8,1.08,25.3,16.3,3.57,6.3,26.7,0,1,6.7,4.18,126,137,37.6,71,20.4,11.8,0.16,90,30.1,335,5.4,3.1,0.1,4.75,1.37,0.36,0.21,0.01,41,12,14.5,40.1,12	1
DVT_709	1,53,11.6,0.97,27.3,15.9,3.54,1.24,4.5,1,1,8.45,3.89,132,113,36.6,73.4,14.9,12.9,0.15,94.1,33.9,361,8.8,2.4,0.5,6.21,1.26,0.74,0.2,0.04,43,13,18.8,48.2,10	0
DVT_71	1,57,12.6,1.05,28.6,15.9,2.91,5.82,19.3,1,1,6.08,3.99,130,152,39.4,77.2,14.5,10.6,0.16,98.7,32.6,330,6.9,1.2,0.2,4.7,0.88,0.42,0.07,0.01,49,14,12.3,29.7,13	1
DVT_714	2,59,12.1,1.01,30.8,17,3.17,1.58,6.9,2,1,9.81,3.79,121,240,34.7,73.7,19.2,12.1,0.29,91.6,31.9,349,6.8,0.1,0.2,7.23,1.88,0.67,0.01,0.02,41,12,16.6,42.8,8	0
DVT_716	1,62,12.5,1.04,32.6,17.2,3.61,3.13,14.1,0,1,7.9,3.29,114,105,31.2,73.5,18.1,11.9,0.13,94.8,34.7,365,6.7,1.3,0.4,5.81,1.43,0.53,0.1,0.03,41,12,14.5,41.4,11	0
DVT_720	2,83,12.6,1.05,32.6,17.1,3.37,2.81,12.7,0,1,7.46,4.4,138,255,39.3,68.8,22.4,10.4,0.27,89.3,31.4,351,7.6,1.1,0.1,5.13,1.67,0.57,0.08,0.01,37,12,12.6,29,10	0
DVT_721	1,57,12.4,0.97,28.7,14.8,3.23,4.52,17,0,1,10.14,4.65,150,174,44.4,80.2,13,12.6,0.219,95.5,32.4,339,6.2,0.5,0.1,8.13,1.32,0.63,0.05,0.01,46,13,16.4,43.1,8	1
DVT_725	2,68,12.7,0.99,23.7,17.1,2.65,14.16,82.9,0,1,8,4.38,135,181,40.4,77.3,13.5,8.6,0.155,92.1,30.7,334,9,0.1,0.1,6.19,1.08,0.72,0,0.01,42,12,15.9,14.9,11	0
DVT_734	1,49,11.4,0.95,34.2,16.7,3.12,1.28,5.4,0,1,8.17,4.62,150,199,40.9,70.4,19.5,9.5,0.19,88.5,32.5,367,8.7,1.2,0.2,5.75,1.59,0.71,0.1,0.02,36,11,10.1,21,10	0
DVT_735	1,88,14.2,1.11,31.2,18.1,2.41,3.17,10.9,1,1,7.01,3.41,110,159,32.9,65.2,23.4,11,0.18,96.5,32.3,334,10.4,0.7,0.3,4.57,1.64,0.73,0.05,0.02,47,13,12.9,32.2,6	1
DVT_740	1,80,14.2,1.11,25,17.3,2.29,6.63,22.8,2,1,3.55,3.09,100,92,29.9,84.6,12.4,9.2,0.084,96.7,32.4,335,2.8,0.1,0.1,3.01,0.44,0.1,0,0,47,13,16.4,19.4,12	1
DVT_754	1,32,11.3,0.94,26.6,16.7,3.8,0.96,3.6,1,1,6.09,5.16,138,176,41.5,62.3,23,12.1,0.21,80.4,26.7,333,8.5,5.7,0.5,3.79,1.4,0.52,0.35,0.03,39,13,15.3,41,2	0
DVT_756	1,28,10.9,0.91,27.9,16.5,3.27,0.4,1.4,1,1,13.08,5.04,173,279,46.1,63.3,18.8,10.2,0.29,91.5,34.3,375,16.6,0.8,0.5,8.29,2.46,2.17,0.1,0.06,39,12,11.5,27,4	0
DVT_758	1,66,11.5,0.96,26.2,17.8,2.47,1.65,6.5,0,1,8.4,4.85,150,194,42.4,84.8,10.1,11.4,0.22,87.4,30.9,354,5,0,0.1,7.12,0.85,0.42,0,0.01,39,12,13.7,36.8,5	0
DVT_760	2,55,11.6,0.97,25.4,17.5,2.41,1.57,5.2,2,1,7.59,3.33,107,149,29.7,72.9,17.7,13,0.19,89.2,32.1,360,9,0.1,0.3,5.54,1.34,0.68,0.01,0.02,40,12,19.2,50.3,13	1
DVT_769	2,63,11.7,0.98,28.3,18.6,3.12,1.94,7.5,2,1,10.74,3.9,126,246,37.3,71.6,20.5,10.3,0.25,95.6,32.3,338,7.8,0,0.1,7.69,2.2,0.84,0,0.01,48,13,11.2,26.4,5	0
DVT_77	2,79,11.9,0.99,34.4,16.3,2.46,3.99,13.3,1,1,6.82,4,123,113,36.3,82.8,10.7,12,0.13,90.8,30.8,339,6.2,0.3,0,5.65,0.73,0.42,0.02,0,40,12,15.4,39.2,13	1
DVT_770	1,56,12.1,1.01,28.8,16.4,4.54,3.96,18,1,1,9.99,4.04,133,287,38,81,9.3,9.8,0.28,94.1,32.9,350,5.7,3,1,8.09,0.93,0.57,0.3,0.1,45,13,10.4,22.9,17	1
DVT_771	1,45,11.8,0.98,29.7,17.1,2.86,1.78,6.4,0,1,9.35,3.94,133,208,38.4,74.8,18.5,11.8,0.24,97.5,33.8,346,6.4,0.1,0.2,6.99,1.73,0.6,0.01,0.02,44,12,14.7,39.8,4	0
DVT_772	1,60,12.6,1.05,42.3,19,3.48,0.56,2.3,0,1,6.49,4.35,151,157,41.8,70.7,19.7,10.2,0.16,96.1,34.7,361,8.2,1.1,0.3,4.59,1.28,0.53,0.07,0.02,42,12,11.2,26.1,3	0
DVT_773	2,63,11.9,0.99,27.2,18.8,2.57,2.96,13.7,2,1,8.48,3.09,104,173,29.5,64.7,27.1,11.1,0.19,95.5,33.7,353,7.9,0.1,0.2,5.48,2.3,0.67,0.01,0.02,40,12,13.1,32.5,16	1
DVT_774	2,55,11.9,0.99,30.3,18,2.86,2.03,8.9,0,1,7.95,4.1,135,169,37.2,69.2,20.9,10,0.17,90.7,32.9,363,9.2,0.3,0.4,5.51,1.66,0.73,0.02,0.03,39,12,11.8,24.7,13	1
DVT_776	2,82,13.4,1.12,30.5,19.6,3.43,1.13,4.6,2,1,6.35,3.53,114,144,31.8,63.6,25.4,10.8,0.16,90.1,32.3,358,7.9,2.5,0.6,4.04,1.61,0.5,0.16,0.04,41,13,11.7,30.3,10	1
DVT_782	1,28,11.8,0.98,29.4,16.6,2.98,0.5,1.9,0,1,10.64,4.79,157,202,46,73.7,15,12.2,0.25,96,32.8,341,10.2,0.8,0.3,7.84,1.6,1.08,0.09,0.03,45,13,16.7,41.5,4	0
DVT_783	1,66,11.9,0.99,28.2,18.7,2.44,2.7,12,3,1,6.45,3.87,135,167,38.6,68.1,24.3,11.7,0.19,99.7,34.9,350,6.7,0.6,0.3,4.39,1.57,0.43,0.04,0.02,48,13,14,39.2,7	0
DVT_784	1,68,13.6,1.13,39.4,18.7,2.94,6.47,29.6,2,1,6.49,4.34,116,119,35.4,77.9,12.9,11.2,0.13,81.6,26.7,328,8.3,0.6,0.3,5.05,0.84,0.54,0.04,0.02,46,16,13.7,35.8,11	1
DVT_785	2,70,12.2,1.02,29,16.9,4.1,4.43,20.3,2,1,8.4,5.01,154,192,44.9,78.5,13.7,10.8,0.21,89.6,30.7,343,5.7,1.7,0.4,6.6,1.15,0.48,0.14,0.03,43,13,12.2,31.2,13	1
DVT_786	1,52,11.5,0.96,28.4,17.2,3.32,9.75,48,0,1,7.03,5.21,166,184,47.1,71.8,20.6,11.4,0.21,90.4,31.9,352,6.8,0.7,0.1,5.04,1.45,0.48,0.05,0.01,40,12,14.2,37.4,8	1
DVT_787	2,67,12.1,1.01,33.7,17.6,3.32,2.54,11.7,0,1,8.16,3.76,114,129,33.8,78.9,11.8,12.1,0.16,89.9,30.3,337,6.9,2.2,0.2,6.44,0.96,0.56,0.18,0.02,45,14,15.6,42.4,13	1
DVT_789	1,50,11.8,0.98,23.9,18,2.21,1.84,7.4,1,1,8.35,3.94,122,214,34.2,78.6,13.2,9.9,0.21,86.8,31,357,8.1,0,0.1,6.56,1.1,0.68,0,0.01,43,14,11.3,24.2,8	1
DVT_790	1,84,12.6,1.05,32.5,18.4,2.57,4.95,22.1,2,1,8.64,4,129,185,37.5,62.7,24,9.6,0.18,93.8,32.3,344,11.3,1.7,0.3,5.41,2.07,0.98,0.15,0.03,43,12,9.9,20.5,6	0
DVT_791	1,36,10.9,0.91,24.3,16.7,3.32,1.46,5.6,0,1,10.09,4.08,126,245,35.1,74,17.9,10.1,0.25,86,30.9,359,7.9,0.1,0.1,7.46,1.81,0.8,0.01,0.01,37,12,11.1,26,7	0
DVT_793	1,67,11.3,0.94,29.8,15.5,6.62,1.53,6.5,1,1,7.47,2.59,93,172,27.1,84,9.2,13.4,0.23,104.6,35.9,343,4.8,1.6,0.4,6.27,0.69,0.36,0.12,0.03,47,13,19.2,51.8,9	0
DVT_795	1,85,10.8,0.9,29,16,3.73,6.01,26.1,0,1,6.89,2.95,115,84,31.1,88.1,7.4,10.8,0.09,105.4,39,370,4.5,0,0,6.07,0.51,0.31,0,0,57,15,12.1,31.7,13	0
DVT_796	1,87,11.1,0.93,24,16.6,3.87,2.41,12.8,0,1,6.32,3.86,122,158,36.1,71.1,17.2,12.1,0.19,93.5,31.6,338,9.8,1.4,0.5,4.49,1.09,0.62,0.09,0.03,45,13,15.1,40.9,10	0
DVT_800	2,44,11.2,0.88,22.9,17.9,3.54,0.57,1.9,1,1,8.8,3.8,119,250,35.6,64.5,30,11.7,0.293,93.8,31.4,334,4.4,0.9,0.2,5.67,2.64,0.39,0.08,0.02,46,13,16.3,38.4,4	1
DVT_802	2,73,12.2,0.96,32.4,15.4,4.19,1.96,8.5,1,1,8.3,3.67,109,160,31.9,78.4,14.2,9.8,0.156,86.8,29.7,343,7.1,0.2,0.1,6.5,1.18,0.59,0.02,0.01,41,13,16.1,22.8,9	0
DVT_804	1,60,12.6,0.99,27.1,16.6,3.28,1.27,4.7,0,1,7.61,4.27,134,160,39.6,66.6,24.5,12.5,0.2,92.7,31.4,339,8.4,0.4,0.1,5.07,1.87,0.64,0.03,0,43,13,16.3,43.6,14	1
DVT_805	2,65,11.8,0.98,26.7,16.5,5.36,20.76,94.5,0,1,8.52,3.65,117,255,34.5,84.2,10.1,11.6,0.3,94.5,32.1,339,5.5,0.1,0.1,7.16,0.86,0.47,0.01,0.01,40,12,14.1,37.1,9	0
DVT_806	2,84,11.6,0.97,27.2,17.6,4.18,3.5,15.7,1,1,3.91,3.33,111,266,31.8,63.4,20.5,9.1,0.24,95.5,33.3,349,15.3,0,0.8,2.48,0.8,0.6,0,0.03,44,13,9.3,17.2,10	0
DVT_807	1,75,13,1.08,28.9,18.5,2.19,7.73,31.6,1,1,7.07,3.53,117,139,33.1,85,9.2,10.9,0.15,93.8,33.1,353,5.7,0,0.1,6.01,0.65,0.4,0,0.01,45,13,13.9,32.5,15	1
DVT_809	2,83,12,1,33.6,17.4,3.17,2.38,10.6,0,1,7.46,2.61,91,118,26.7,81.4,11,12.6,0.15,102.3,34.9,341,6.7,0.8,0.1,6.07,0.82,0.5,0.06,0.01,48,13,16.8,45.4,10	0
DVT_81	2,84,12,1,29.4,15.9,3.27,2.19,9.3,2,1,8.32,3.99,122,141,37.1,77.2,13.5,10.7,0.15,93,30.6,329,8.1,0.8,0.4,6.43,1.12,0.67,0.07,0.03,45,13,12.4,30.9,15	1
DVT_810	2,30,12.1,1.01,35.1,19.2,1.88,2.74,13.7,0,1,7.59,3.88,128,162,36.1,76.4,16.6,11,0.18,93,33,355,6.6,0.1,0.3,5.8,1.26,0.5,0.01,0.02,41,12,13,33.6,8	1
DVT_811	1,70,12.1,1.01,30,15.5,6.41,8.53,36.5,0,1,9.69,3.18,105,342,29.4,86,6.4,9.9,0.34,92.5,33,357,5.4,1.9,0.3,8.34,0.62,0.52,0.18,0.03,40,12,10.8,23.5,19	1
DVT_816	2,68,11.1,0.93,24.7,18,2.82,1.45,5.8,1,1,6.05,3.68,114,165,34.2,70.6,19.2,12.4,0.21,92.9,31,333,7.9,2,0.3,4.27,1.16,0.48,0.12,0.02,45,13,15.5,44.7,7	0
DVT_817	1,43,11.1,0.93,31.9,17.5,2.57,0.56,2.6,0,1,10.28,4.16,154,250,44.6,71.3,18.7,9.6,0.24,107.2,37,345,9,0.8,0.2,7.33,1.92,0.93,0.08,0.02,47,12,9.6,20.4,6	0
DVT_820	1,31,10.6,0.88,30.9,15.4,4.54,0.67,2.6,0,1,7.13,4.59,164,193,45.4,61,26.9,11.5,0.22,98.9,35.7,361,10.7,1,0.4,4.35,1.92,0.76,0.07,0.03,43,12,12.7,36.7,8	0
DVT_821	1,37,11.5,0.96,29.7,16.4,3.94,1.58,5.2,0,1,7.1,5.4,163,194,46.8,69.4,19.2,11.2,0.22,86.7,30.2,348,9.2,1.8,0.4,4.93,1.36,0.65,0.13,0.03,41,13,14.6,34.4,13	0
DVT_822	1,49,12,1,28.8,16,4.1,1.09,4.4,1,1,9.49,5.16,163,142,46.1,76.4,13.6,10.9,0.15,89.3,31.6,354,9.2,0.5,0.3,7.25,1.29,0.87,0.05,0.03,40,12,12.8,33.1,14	0
DVT_823	2,62,12.9,1.07,35.2,17.1,3.27,2.32,9.6,2,1,6.33,4.1,124,334,36.9,62.4,26.7,10.6,0.35,90,30.2,336,9.3,1.1,0.5,3.95,1.69,0.59,0.07,0.03,41,13,12.5,30,10	1
DVT_824	1,52,12.6,0.99,29,14.1,5.41,1.61,5.8,0,1,10.16,2.94,93,136,26.2,85.1,7.5,12.4,0.17,89.1,31.6,355,5.3,1.8,0.3,8.65,0.76,0.54,0.18,0.03,43,13,16,45.3,13	0
DVT_827	2,67,11.5,0.96,28,16.5,4.54,7.04,29.6,2,1,9.81,3.41,110,247,32.6,65.3,24.4,10.2,0.25,95.6,32.3,337,8.4,1.5,0.4,6.41,2.39,0.82,0.15,0.04,44,13,11.3,26,7	0
DVT_83	2,52,11.4,0.95,31.2,15.8,3.38,0.36,2.5,0,1,5.49,4.61,135,208,40.9,61.6,30.6,10.4,0.22,88.7,29.3,330,5.6,1.5,0.7,3.38,1.68,0.31,0.08,0.04,41,13,12.1,28.3,6	1
DVT_830	2,58,10.8,0.9,26.9,17.6,2.9,1.64,6.9,2,1,6.61,3.8,121,190,35.5,62.4,29.7,10.6,0.2,93.4,31.8,341,6.2,1.4,0.3,4.13,1.96,0.41,0.09,0.02,43,12,12.5,29.7,6	1
DVT_833	1,54,11.7,0.98,29.3,24,2.05,4.35,20.5,0,1,5.83,3.38,112,607,32.8,66.7,22.6,8.8,0.53,97,33.1,341,8.1,1.7,0.9,3.89,1.32,0.47,0.1,0.05,43,13,8.9,14.7,9	1
DVT_836	2,48,10.8,0.9,24.8,17.5,3.32,0.42,1.2,1,1,5.73,3.63,127,278,36.2,76.4,16.8,11.1,0.31,99.7,35,351,5.6,0.7,0.5,4.38,0.96,0.32,0.04,0.03,47,13,13.4,34.5,2	1
DVT_837	1,51,11.1,0.93,25.2,17.8,2.82,0.65,2.3,0,1,7.97,4.27,137,156,40.1,84.7,10.2,11.9,0.19,93.9,32.1,342,4.3,0.5,0.3,6.76,0.81,0.34,0.04,0.02,40,12,15.2,39.9,2	0
DVT_838	2,86,11.5,0.96,32.2,20,2.71,1.35,5.8,1,1,6.07,3.71,123,181,36.4,71,19.1,13,0.24,98.1,33.2,338,8.4,1.2,0.3,4.31,1.16,0.51,0.07,0.02,47,13,17.9,47.4,8	0
DVT_84	2,55,12,1,27.3,15.7,3.04,0.36,3.1,1,1,6.64,3.98,122,173,35.6,76.3,15.2,10.2,0.18,89.4,30.7,343,7.8,0.5,0.2,5.07,1.01,0.52,0.03,0.01,41,13,11.4,26.3,2	0
DVT_840	1,21,10.6,0.88,29,15.7,3.12,0.52,2,0,1,10.23,5.53,170,286,48.3,65.3,26.3,10.7,0.31,87.3,30.7,352,7.7,0.4,0.3,6.68,2.69,0.79,0.04,0.03,41,13,11.5,29.3,2	0
DVT_847	1,51,10.7,0.89,27.1,17.4,2.27,0.39,1.3,1,1,9.46,3.79,133,158,38.5,77.6,13.2,9.7,0.15,101.6,35.1,345,8,1,0.2,7.34,1.25,0.76,0.09,0.02,46,12,10.1,21.8,2	0
DVT_850	1,50,11.3,0.89,22.4,18.8,1.53,1.66,5.6,1,1,7.6,4.37,144,248,41.9,77.5,15.9,10.8,0.267,96,33.1,345,6.3,0.1,0.2,5.89,1.21,0.48,0.01,0.01,42,12,16,30.5,10	1
DVT_851	1,62,13.4,1.05,33.5,19,2.6,0.67,2.6,0,1,7.35,4.1,116,154,34.8,69,14.3,10.3,0.159,84.9,28.4,334,8.8,7,0.9,5.06,1.05,0.65,0.52,0.07,53,17,16.2,27.8,12	0
DVT_854	1,84,12.4,1.03,27.4,17,2.94,4.16,19.8,3,1,7.26,3.42,119,149,33.6,76.7,11.2,12.3,0.18,98.2,34.8,354,10.3,1.4,0.4,5.57,0.81,0.75,0.1,0.03,46,13,15.7,44,10	1
DVT_855	2,75,11.8,0.98,26.8,16.6,4.26,2.23,9.6,2,1,6.15,3.65,111,168,32.7,70.8,17.6,9.6,0.16,89.6,30.4,339,9.8,1.5,0.3,4.36,1.08,0.6,0.09,0.02,43,13,10,20.3,12	1
DVT_858	2,54,12.1,0.95,26.6,17,4.88,2.71,10,1,1,6.76,3.37,106,113,31.4,62.4,30.9,14.2,0.159,93.4,31.5,337,5.7,0.8,0.2,4.21,2.09,0.39,0.05,0.02,45,13,16.3,54.4,8	1
DVT_859	1,51,12.8,1.07,28.4,16.4,3.73,5.61,25.3,2,1,7.61,4.31,147,188,42.9,67.5,22.3,10.7,0.2,99.5,34.1,343,9.1,0.8,0.3,5.14,1.7,0.69,0.06,0.02,45,12,12.8,30.4,11	1
DVT_860	2,76,12.3,1.02,25.3,18.2,3.72,1.83,7.5,1,1,4.28,3.13,102,189,31.8,51.9,34.3,10.5,0.2,101.6,32.6,321,10,3.3,0.5,2.22,1.47,0.43,0.14,0.02,58,16,11.8,27.6,9	0
DVT_863	2,66,11.8,0.98,28.8,19.5,2.32,1.19,5.1,0,1,11.1,3.96,129,155,36.9,80.5,14,12.4,0.19,93.2,32.6,350,5,0.1,0.4,8.96,1.55,0.55,0.01,0.04,45,13,15.3,44.4,7	0
DVT_867	1,58,11.1,0.93,28.9,16,4.54,3.24,14.7,3,1,9.88,3.18,101,414,29.6,73.71,13.12,9.4,0.39,93.1,31.8,341,11.7,1.2,0.3,7.28,1.29,1.16,0.12,0.03,45,14,9.8,19.4,18	1
DVT_873	2,60,12.8,1.07,28.6,18.8,2.54,4.26,19,0,1,3.27,1.9,62,47,17.1,93,4.3,12,0.06,90,32.6,363,2.4,0.3,0,3.04,0.14,0.08,0.01,0,40,12,15.4,41.2,13	1
DVT_875	2,78,13,1.08,32.3,19.7,2.86,3.91,18.2,2,1,10.07,4.71,143,171,42.2,73.31,18.82,11.2,0.19,89.6,30.4,339,7.1,0.7,0.1,7.39,1.89,0.71,0.07,0.01,41,13,13.8,33.1,8	1
DVT_881	1,56,12.2,0.96,25.4,13.7,4.88,5.51,21.1,2,1,9.94,4.49,141,166,42.4,72.4,17.9,9.2,0.153,94.4,31.5,333,8.4,0.8,0.5,7.19,1.78,0.84,0.08,0.05,43,13,15.8,18.7,8	1
DVT_883	1,59,12.4,0.97,23.8,16.6,3.38,7.31,30,1,1,7.57,4.62,148,146,43.1,73.3,17.2,9.5,0.138,93.2,32.1,344,9.2,0.1,0.2,5.55,1.3,0.7,0.01,0.01,40,12,16.1,20.4,7	0
DVT_886	1,47,11.3,0.89,26.2,11.7,6.86,1.77,7.7,1,1,10.96,3.01,100,262,29.6,72.5,20.6,8.8,0.23,98.6,33.4,339,5.8,0.9,0.2,7.96,2.25,0.63,0.1,0.02,40,11,15.8,17.4,10	1
DVT_887	2,77,14,1.09,28,17.5,2.67,15.4,96.6,3,1,5.4,3.32,105,111,30.8,73.21,18.12,12.1,0.13,92.8,31.6,341,7.8,0.9,0,3.95,0.98,0.42,0.05,0,44,13,16.5,42,12	1
DVT_888	2,48,12.6,1.05,26,18.8,3.2,9.31,34.2,1,1,12.38,4,13,141,37.8,90,6.5,12,0.17,94.5,33.3,352,3.4,0,0.1,11.14,0.81,0.42,0,0.01,43,12,15.8,42.3,13	1
DVT_895	2,60,10.4,0.82,28.1,17.6,4.19,4.16,13.4,2,1,2.24,3.67,107,95,33,61.4,25.7,12.1,0.115,89.9,29.3,326,12.4,0.1,0.4,1.37,0.58,0.28,0,0.01,41,13,16.1,40,7	0
DVT_897	1,45,11.1,0.93,32.3,16.7,3.37,2.36,9.7,0,1,9.46,4.03,130,192,37.8,75.7,16.1,11.2,0.22,93.8,32.3,344,7.7,0.3,0.2,7.16,1.52,0.73,0.03,0.02,44,13,12.7,33.5,4	0
DVT_904	1,39,10.7,0.89,24,17.4,2.64,0.46,1.9,2,1,6.37,4.51,152,172,43.1,59.2,29.8,11.6,0.2,95.6,33.7,353,8.8,1.9,0.3,3.77,1.9,0.56,0.12,0.02,44,13,14.2,39.3,0	1
DVT_905	2,75,10.6,0.88,23.9,15.8,6.62,2.1,8.9,1,1,11.44,3.14,93,468,27.9,47.4,45.5,9.7,0.45,88.9,29.6,333,5,1.8,0.3,5.43,5.2,0.57,0.21,0.03,44,14,10,21.5,13	1
DVT_906	2,77,12.3,1.02,32.3,18.3,4.64,13.16,67,1,1,11.44,4.45,130,210,38.6,83.4,11.9,11,0.23,86.7,29.2,337,3.8,0.8,0.1,9.54,1.36,0.44,0.09,0.01,41,13,12.4,31.9,10	0
DVT_907	1,38,12,1,26.4,19.9,2.02,6.11,31.1,3,1,9.3,4.54,146,172,40.9,70.3,18,12.5,0.21,90.1,32.2,357,11.4,0.1,0.2,6.54,1.67,1.06,0.01,0.02,41,13,16.7,45,0	0
DVT_911	1,48,11.9,0.93,25.2,17.9,2.28,2.42,9.3,0,1,10.81,4.72,148,280,42.7,76.21,16.52,10.4,0.29,90.5,31.4,347,6.7,0.4,0.2,8.25,1.78,0.72,0.04,0.02,40,12,12.4,28.9,4	0
DVT_912	2,85,12.6,1.05,39.7,28,2.9,12.29,64.2,0,1,11.8,3.11,99,141,27.9,81.5,11.2,11.2,0.16,89.7,31.8,355,7.1,0,0.2,9.62,1.32,0.84,0,0.02,44,14,13.2,34.5,13	0
DVT_914	1,51,11.5,0.96,30.6,14.2,8.23,1.68,8.1,2,1,15.84,3.82,130,278,35.4,83.6,7.9,10.1,0.28,92.7,34,367,7.4,0.8,0.3,13.23,1.25,1.18,0.13,0.05,41,12,11.8,26.1,6	1
DVT_918	2,69,10.8,0.9,27.5,16.1,4.44,0.59,2.5,1,1,11.34,3.95,132,248,37,84.3,9.3,12.2,0.3,93.7,33.4,357,6.3,0.1,0.1,9.56,1.05,0.72,0.01,0.01,44,13,16,41.6,11	1
DVT_924	2,58,11.7,0.98,33.2,16,4.35,1.63,8.1,1,1,5.35,3.77,127,193,37.6,70.8,20.6,10.8,0.21,99.7,33.7,338,7.3,1.1,0.2,3.79,1.1,0.39,0.06,0.01,42,12,12.2,31,8	0
DVT_93	2,60,10.7,0.89,26.2,16.1,3.27,0.44,3.3,2,1,10.04,4.03,122,314,35.1,82.2,12.6,10.4,0.33,87.1,30.3,348,4.7,0.3,0.2,8.25,1.27,0.47,0.03,0.02,40,12,11.6,28.1,13	1
DVT_938	1,50,12.3,0.96,23.7,17.7,2.48,8.54,31.6,0,1,13.9,4.46,148,193,42.4,92.2,4.8,10.1,0.194,95.2,33.2,348,2.9,0,0.1,12.83,0.66,0.4,0,0.01,44,13,15.9,24.4,4	0
DVT_941	2,74,11.6,0.91,19.5,18.2,2.57,7.09,28.8,2,1,17.17,3.23,101,208,30.7,80.8,11.1,8.9,0.185,94.9,31.3,330,7.6,0.2,0.3,13.87,1.91,1.3,0.04,0.05,44,13,15.6,16.4,11	1
DVT_942	2,53,13,1.02,31.8,11.9,8.88,4.11,15.6,3,1,9.74,2.57,81,223,24.3,83.9,9.4,12.6,0.282,94.7,31.5,333,5.7,0.7,0.3,8.18,0.91,0.56,0.06,0.03,49,14,16.2,43.5,14	1
DVT_943	2,64,12.9,1.01,24.8,17,3.49,1.36,4.8,1,1,7.86,4.02,129,182,38.2,87.8,8.2,10.4,0.189,95,32,337,4,0,0,6.9,0.64,0.32,0,0,42,12,15.8,28.4,16	1
DVT_947	1,43,11.7,0.98,31.2,17,3.22,1.36,5.1,0,1,10.12,4.51,150,181,41.9,77.7,15.1,10.9,0.2,92.9,33.3,358,6.9,0.2,0.1,7.86,1.53,0.7,0.02,0.01,43,13,13.5,32.9,2	0
DVT_948	1,34,11.7,0.98,31.3,18.2,2.09,3.42,15.5,2,1,7.8,4.47,143,166,41.5,69.8,18.1,12.2,0.2,92.8,32,345,11.5,0.3,0.3,5.45,1.41,0.9,0.02,0.02,40,12,16.3,43.4,2	0
DVT_949	1,52,11.9,0.99,24.9,17.4,3.12,4.96,22.8,2,1,10.22,4.83,149,185,43.9,82,12.4,12.6,0.23,90.9,30.8,339,5.1,0.2,0.3,8.38,1.27,0.52,0.02,0.03,43,13,17.1,44.9,8	0
DVT_950	2,54,12.6,1.05,28.3,15.9,7.09,1.81,9.4,1,1,7.06,4.11,119,440,37.6,79.11,13.02,9.6,0.42,91.5,29,316,6.7,1.1,0.1,5.58,0.92,0.47,0.08,0.01,49,15,10.9,21.1,12	0
DVT_951	2,60,12.6,1.05,30.7,20.4,3.22,0.7,2.7,1,1,4.05,4.28,123,96,38.6,51.2,36.5,13.9,0.13,90.2,28.7,319,10.9,0.7,0.7,2.07,1.48,0.44,0.03,0.03,42,13,19.3,55.5,3	0
DVT_96	2,38,11.7,0.98,27.5,16.3,2.66,4,13.8,1,1,8.77,3.91,123,141,36.4,79.2,12.5,12.8,0.18,93.1,31.5,338,8,0.1,0.2,6.94,1.1,0.7,0.01,0.02,46,14,17.5,46.8,6	1
DVT_960	2,66,11.6,0.97,22.9,17.3,3.61,1.96,8.3,0,1,6.2,3.47,111,206,35.1,79.1,12.6,9.8,0.2,101.2,32,316,7.9,0.2,0.2,4.91,0.78,0.49,0.01,0.01,51,14,10.8,22.7,11	1
DVT_961	2,72,12.1,1.01,27,17.7,3.07,0.94,3.2,1,1,6.23,3.55,105,161,31.4,75.51,14.82,11.7,0.19,88.5,29.6,334,8.7,1,0,4.71,0.92,0.54,0.06,0,43,13,14.1,39.1,7	0
DVT_965	2,84,12.2,1.02,26.8,16.9,4.18,1.88,10.4,1,1,7.82,3.86,120,192,36.6,80.5,13.7,11.6,0.22,94.8,31.1,328,5.2,0.3,0.3,6.3,1.07,0.41,0.02,0.02,47,14,14,37.3,12	0
DVT_966	1,75,12.1,1.01,26.3,17.9,2.98,1.26,4.3,0,1,7.35,4.13,134,287,40.6,76.2,13.7,9.8,0.28,98.3,32.4,330,9.3,0.5,0.3,5.6,1.01,0.68,0.04,0.02,48,14,10.4,22.1,6	1
DVT_968	2,78,12.4,0.97,27.2,18,2.4,5.99,22.3,2,1,7.93,3.29,112,171,32.5,67.8,23.5,10.2,0.174,99,34.1,344,6.6,1.6,0.5,5.38,1.86,0.52,0.13,0.04,46,13,16,27.8,8	0
DVT_975	2,72,12.6,1.05,23.7,17.2,4.85,5.15,29.5,0,1,4.81,4,117,79,36.1,72.8,14.3,13.3,0.1,90.3,29.3,324,6.7,5.6,0.6,3.5,0.69,0.32,0.27,0.03,42,13,21.5,51.4,5	0
DVT_977	2,83,11.2,0.93,25,17.4,3.22,4.98,21.7,2,1,7.98,3.76,116,234,36.3,884.11,9.32,9.5,0.22,96.5,30.9,320,3,0.6,0,6.95,0.74,0.24,0.05,0,47,13,10.4,20.4,8	0
DVT_979	2,66,12.3,1.02,32.1,18.8,3.22,0.9,3.3,0,1,4.75,4.54,128,189,40.3,57.5,31.6,11.9,0.23,88.8,28.2,318,8,2.3,0.6,2.73,1.5,0.38,0.11,0.03,45,14,15.5,40,15	0
DVT_980	1,24,12.4,0.97,26.8,15.2,4.78,0.8,3.2,1,1,6.44,4.69,139,234,41.2,71.2,18.1,9.7,0.226,87.8,29.6,337,9.3,1.1,0.3,4.58,1.17,0.6,0.07,0.02,45,14,15.9,24.1,6	0
DVT_982	2,77,12.2,1.02,26.7,16.6,4.44,1.54,6.3,3,1,9.49,2.64,81,202,24.6,78.8,8.6,11.7,0.24,93.2,30.7,329,12.1,0.1,0.1,7.48,0.84,1.15,0.01,0.01,42,12,13.8,39.5,12	0
DVT_983	1,75,12,0.94,27.3,18.5,3.19,0.75,2.8,2,1,4.91,3.72,113,239,33.7,67.1,24.9,9.2,0.221,90.8,30.4,335,5.2,2,0.8,3.3,1.22,0.25,0.1,0.04,45,14,15.8,20,13	1
DVT_984	2,61,11.5,0.96,29.2,18.6,2.67,3.24,17.6,1,1,4.73,3.58,103,124,31.8,59.2,30.4,113,0.14,88.8,28.8,324,8.7,1.5,0.2,2.8,1.44,0.41,0.07,0.01,44,13,13.1,34.8,9	0
DVT_985	2,51,114,0.95,22.9,18.1,3.43,1.41,5.4,3,1,5.12,4.08,120,181,37.3,71.5,19.5,12.1,0.22,91.4,29.4,322,8,0.8,0.2,3.66,1,0.41,0.04,0.01,42,13,14,41.8,6	0
DVT_988	2,70,12.1,1.01,25.6,17.4,5.22,2.37,10.2,0,1,8.08,4.13,128,389,38.6,66.8,20.8,9.7,0.38,93.5,31,332,9.3,2,1.1,5.4,1.68,0.75,0.16,0.09,47,15,10.5,22.2,11	1
DVT_989	2,65,14,1.16,34.4,21,2.07,1.71,6.2,0,1,2.22,2,67,70,20,69.8,19.8,11.1,0.08,102.6,34.4,335,9,0.9,0.5,1.55,0.44,0.2,0.02,0.01,54,15,12.8,32.8,9	0
DVT_99	2,92,12.8,1.06,29.4,18.3,2.29,9.65,44.2,2,0,5.27,2.96,98,105,28.7,73.5,20.5,11.1,0.12,97,33.1,341,4.9,0.9,0.2,3.87,1.08,0.26,0.05,0.01,40,11,13,34.5,11	1
DVT_992	2,63,11.9,0.99,29.4,19.9,3.32,1.09,4.8,1,1,9.36,3.99,117,230,35,79.4,16,10,0.23,87.7,29.3,334,4.4,0.1,0.1,7.43,1.5,0.41,0.01,0.01,42,13,10.8,24.4,3	0
DVT_993	2,89,11.6,0.97,26.7,17.9,3.48,34.14,101.7,2,1,8.18,2.88,90,140,27.7,76.9,16.6,11.1,0.16,96.2,31.3,325,5.7,0.6,0.2,6.28,1.36,0.47,0.05,0.02,52,15,12.7,33.2,8	0
